           Date  Open  High   Low Close Adj.Close   Volume
1    2013-01-02 20.16 20.17 19.51 19.62  18.07138 29812900
2    2013-01-03 19.46 19.61 19.32 19.58  18.03453 29859500
3    2013-01-04 19.68 20.25 19.58 20.19  18.59639 31983900
4    2013-01-07 20.02 20.13 19.67 19.80  18.23717 21445100
5    2013-01-08 19.74 19.79 19.59 19.65  18.09901 22206200
6    2013-01-09 19.70 19.94 19.41 19.62  18.07138 26993800
7    2013-01-10 19.86 20.43 19.82 20.34  18.73455 39869800
8    2013-01-11 20.16 20.42 20.09 20.17  18.57797 20880000
9    2013-01-14 20.24 20.24 19.75 20.07  18.48586 14590200
10   2013-01-15 19.93 20.54 19.85 20.43  18.81745 25277000
11   2013-01-16 20.73 20.86 20.36 20.54  18.91876 30630600
12   2013-01-17 20.55 20.75 20.40 20.75  19.11219 26063600
13   2013-01-18 21.98 22.46 21.79 22.38  20.61353 65729400
14   2013-01-22 22.13 22.98 22.03 22.98  21.16617 38089200
15   2013-01-23 22.86 22.94 22.47 22.67  20.88064 24266100
16   2013-01-24 22.57 23.03 22.51 22.60  20.81617 20294700
17   2013-01-25 22.75 22.85 22.58 22.70  20.90827 14059600
18   2013-01-28 22.79 22.79 22.31 22.31  20.54906 13892000
19   2013-01-29 22.28 22.67 22.05 22.59  20.80695 14548300
20   2013-01-30 22.36 23.00 22.36 22.98  21.16617 23160400
21   2013-01-31 22.80 23.02 22.61 22.85  21.04643 19819100
22   2013-02-01 23.04 23.74 22.97 23.51  21.70183 31744400
23   2013-02-04 22.84 23.14 22.82 22.88  21.12028 26405700
24   2013-02-05 23.17 23.49 23.01 23.40  21.60028 23873200
25   2013-02-06 23.24 23.50 23.17 23.39  21.59106 15851000
26   2013-02-07 23.36 23.58 22.67 23.10  21.32336 20157900
27   2013-02-08 23.08 23.41 23.04 23.32  21.52644 16025800
28   2013-02-11 23.21 23.47 23.13 23.28  21.48952 10258200
29   2013-02-12 23.30 23.65 23.20 23.63  21.81260 15347000
30   2013-02-13 23.67 23.87 23.39 23.63  21.81260 15783400
31   2013-02-14 23.53 23.88 23.40 23.83  21.99722 16316300
32   2013-02-15 23.88 23.94 23.44 23.87  22.03414 17504700
33   2013-02-19 23.99 24.33 23.81 24.32  22.44953 17457300
34   2013-02-20 24.38 24.47 23.35 23.42  21.61875 17432700
35   2013-02-21 23.22 23.22 22.56 22.83  21.07413 22324700
36   2013-02-22 23.21 23.59 23.06 23.58  21.76644 17827100
37   2013-02-25 23.83 23.85 22.02 22.03  20.33565 30074300
38   2013-02-26 22.35 22.50 21.78 22.44  20.71413 30923000
39   2013-02-27 22.44 22.99 22.35 22.90  21.13875 18051600
40   2013-02-28 22.91 22.98 22.50 22.55  20.81566 14890300
41   2013-03-01 22.39 22.76 21.84 22.43  20.70489 22333000
42   2013-03-04 22.36 22.67 22.12 22.60  20.86182 17138300
43   2013-03-05 22.80 23.00 22.68 22.74  20.99105 15014100
44   2013-03-06 22.99 22.99 22.41 22.91  21.14797 18583200
45   2013-03-07 23.01 23.37 22.89 23.22  21.43413 17820000
46   2013-03-08 23.29 23.33 22.67 23.03  21.25874 19394000
47   2013-03-11 23.03 23.28 22.65 23.10  21.32336 14219200
48   2013-03-12 23.05 23.11 22.60 22.67  20.92644 13077000
49   2013-03-13 22.71 22.86 22.53 22.78  21.02797 12025800
50   2013-03-14 22.95 23.07 22.67 22.80  21.04643 21068400
51   2013-03-15 22.83 23.66 22.77 23.59  21.77568 24186700
52   2013-03-18 23.03 23.19 22.57 22.99  21.22182 23417000
53   2013-03-19 23.07 23.19 22.00 22.39  20.66797 32781600
54   2013-03-20 22.59 22.92 22.33 22.74  20.99105 17813500
55   2013-03-21 22.57 22.68 22.05 22.06  20.36335 17557200
56   2013-03-22 22.20 22.41 21.93 22.18  20.47412 16558900
57   2013-03-25 22.37 22.49 21.78 21.97  20.28027 23992000
58   2013-03-26 22.16 22.30 21.96 22.22  20.51104 14889200
59   2013-03-27 22.02 22.35 21.92 22.29  20.57567 13926000
60   2013-03-28 22.35 22.40 21.89 21.98  20.28950 18376400
61   2013-04-01 21.99 22.13 21.52 21.66  19.99411 14219100
62   2013-04-02 21.43 21.91 21.40 21.70  20.03103 21701700
63   2013-04-03 21.68 21.71 20.95 21.11  19.48641 25406800
64   2013-04-04 21.12 21.39 21.02 21.33  19.68949 17321000
65   2013-04-05 20.91 21.59 20.79 21.56  19.90181 18163200
66   2013-04-08 21.48 21.76 21.19 21.74  20.06796 14263500
67   2013-04-09 21.77 22.10 21.74 21.74  20.06796 13196200
68   2013-04-10 21.89 22.53 21.87 22.22  20.51104 17467300
69   2013-04-11 22.28 22.63 22.24 22.27  20.55720 14692800
70   2013-04-12 22.09 22.23 21.54 21.82  20.14181 25150400
71   2013-04-15 21.75 22.25 21.41 21.48  19.82796 22458100
72   2013-04-16 21.81 21.86 21.19 21.85  20.16950 21839800
73   2013-04-17 21.54 21.83 20.86 21.47  19.81873 45475800
74   2013-04-18 21.35 21.47 20.31 20.31  18.74794 47193400
75   2013-04-19 20.37 20.63 20.16 20.58  18.99718 24644100
76   2013-04-22 20.61 20.88 20.53 20.71  19.11718 16156600
77   2013-04-23 20.97 21.73 20.91 21.61  19.94796 23437700
78   2013-04-24 21.66 21.78 21.40 21.45  19.80026 17955700
79   2013-04-25 21.56 21.81 21.39 21.43  19.78180 18496600
80   2013-04-26 21.39 21.53 21.25 21.40  19.80031 17348300
81   2013-04-29 21.56 22.21 21.53 22.21  20.54976 19028600
82   2013-04-30 22.22 22.43 22.06 22.15  20.49424 14015800
83   2013-05-01 22.11 22.11 21.68 21.85  20.21667 13070800
84   2013-05-02 21.91 22.34 21.54 22.29  20.62377 16779000
85   2013-05-03 22.88 23.15 22.67 22.76  21.05865 20261100
86   2013-05-06 22.80 23.50 22.78 23.28  21.53977 17400300
87   2013-05-07 23.35 23.39 23.01 23.27  21.53052 12100700
88   2013-05-08 23.19 23.75 23.06 23.67  21.90062 15207900
89   2013-05-09 23.66 23.74 23.30 23.41  21.66005 12965300
90   2013-05-10 23.40 23.94 23.26 23.94  22.15044 15032800
91   2013-05-13 23.80 23.98 23.58 23.68  21.90987 14510500
92   2013-05-14 23.53 24.50 23.53 24.27  22.45576 19210900
93   2013-05-15 24.24 24.90 24.15 24.86  23.00166 19670500
94   2013-05-16 24.66 24.87 24.42 24.58  22.74259 18863800
95   2013-05-17 24.78 25.24 24.69 25.19  23.30699 14505800
96   2013-05-20 25.11 25.42 24.97 25.07  23.19597 11410100
97   2013-05-21 25.06 25.48 24.92 25.12  23.24223 10442900
98   2013-05-22 25.34 25.69 24.55 24.70  22.85363 18372500
99   2013-05-23 24.19 24.76 24.00 24.25  22.43726 22658200
100  2013-05-24 24.17 24.36 23.98 24.35  22.52979 11617400
101  2013-05-28 24.81 25.05 24.54 24.73  22.88138 15357400
102  2013-05-29 24.62 25.29 24.53 24.98  23.11269 17451200
103  2013-05-30 25.00 25.92 24.76 25.82  23.88990 21200700
104  2013-05-31 26.00 26.42 25.90 25.90  23.96392 28330600
105  2013-06-03 26.06 26.30 25.19 25.65  23.73261 26208200
106  2013-06-04 25.80 26.10 25.30 25.47  23.56606 18632300
107  2013-06-05 25.42 25.66 24.82 25.03  23.15896 21478400
108  2013-06-06 25.10 25.42 24.60 25.41  23.51055 18339600
109  2013-06-07 25.78 27.00 25.59 27.00  24.98169 32830300
110  2013-06-10 26.97 27.17 26.60 27.15  25.12048 34956600
111  2013-06-11 26.77 26.79 25.99 26.09  24.13972 25321300
112  2013-06-12 26.58 26.62 25.41 25.57  23.65859 26046400
113  2013-06-13 25.55 26.49 25.42 26.37  24.39879 19571900
114  2013-06-14 26.29 26.48 25.64 25.83  23.89915 15473900
115  2013-06-17 26.08 26.33 25.94 26.21  24.25075 15087100
116  2013-06-18 26.23 26.40 26.04 26.32  24.35253 14805700
117  2013-06-19 26.38 26.69 26.03 26.11  24.15822 18210200
118  2013-06-20 25.72 25.75 24.95 25.15  23.26998 25968000
119  2013-06-21 25.50 25.56 24.16 24.91  23.04792 35690500
120  2013-06-24 24.29 24.70 23.92 24.40  22.57605 22715500
121  2013-06-25 24.71 25.26 24.64 25.03  23.15896 19049600
122  2013-06-26 25.35 25.39 24.82 24.88  23.02017 15125600
123  2013-06-27 25.16 25.37 24.98 25.04  23.16821 12139800
124  2013-06-28 24.77 24.88 24.26 24.43  22.60381 18545200
125  2013-07-01 24.64 25.09 24.54 24.59  22.75185 13776500
126  2013-07-02 24.51 25.19 24.10 24.44  22.61306 18627700
127  2013-07-03 24.15 24.19 23.83 24.04  22.24296 15395700
128  2013-07-05 24.25 24.63 24.16 24.57  22.73334 15322700
129  2013-07-08 24.81 25.08 24.45 24.88  23.02017 22795300
130  2013-07-09 25.10 25.49 24.66 25.44  23.53831 20640600
131  2013-07-10 25.33 25.52 25.06 25.34  23.44578 10066000
132  2013-07-11 25.83 26.00 25.23 25.55  23.64008 14064000
133  2013-07-12 25.76 26.14 25.62 26.13  24.17673 15134200
134  2013-07-15 26.47 26.80 26.23 26.69  24.69487 18378800
135  2013-07-16 26.85 26.92 26.16 26.38  24.40805 19035300
136  2013-07-17 26.50 26.65 26.31 26.54  24.55609 15826000
137  2013-07-18 27.68 27.95 27.39 27.70  25.62937 36282000
138  2013-07-19 27.67 27.86 27.32 27.60  25.53685 17528300
139  2013-07-22 27.75 27.82 27.54 27.61  25.54610 11820700
140  2013-07-23 27.85 27.88 27.50 27.81  25.73115 13093200
141  2013-07-24 27.92 27.98 27.57 27.73  25.65712 17560700
142  2013-07-25 27.68 27.76 27.40 27.76  25.68489 12866600
 [ reached getOption("max.print") -- omitted 1174 rows ]
[1] "list"
           Date Adj.Close
1    2013-01-02  18.07138
2    2013-01-03  18.03453
3    2013-01-04  18.59639
4    2013-01-07  18.23717
5    2013-01-08  18.09901
6    2013-01-09  18.07138
7    2013-01-10  18.73455
8    2013-01-11  18.57797
9    2013-01-14  18.48586
10   2013-01-15  18.81745
11   2013-01-16  18.91876
12   2013-01-17  19.11219
13   2013-01-18  20.61353
14   2013-01-22  21.16617
15   2013-01-23  20.88064
16   2013-01-24  20.81617
17   2013-01-25  20.90827
18   2013-01-28  20.54906
19   2013-01-29  20.80695
20   2013-01-30  21.16617
21   2013-01-31  21.04643
22   2013-02-01  21.70183
23   2013-02-04  21.12028
24   2013-02-05  21.60028
25   2013-02-06  21.59106
26   2013-02-07  21.32336
27   2013-02-08  21.52644
28   2013-02-11  21.48952
29   2013-02-12  21.81260
30   2013-02-13  21.81260
31   2013-02-14  21.99722
32   2013-02-15  22.03414
33   2013-02-19  22.44953
34   2013-02-20  21.61875
35   2013-02-21  21.07413
36   2013-02-22  21.76644
37   2013-02-25  20.33565
38   2013-02-26  20.71413
39   2013-02-27  21.13875
40   2013-02-28  20.81566
41   2013-03-01  20.70489
42   2013-03-04  20.86182
43   2013-03-05  20.99105
44   2013-03-06  21.14797
45   2013-03-07  21.43413
46   2013-03-08  21.25874
47   2013-03-11  21.32336
48   2013-03-12  20.92644
49   2013-03-13  21.02797
50   2013-03-14  21.04643
51   2013-03-15  21.77568
52   2013-03-18  21.22182
53   2013-03-19  20.66797
54   2013-03-20  20.99105
55   2013-03-21  20.36335
56   2013-03-22  20.47412
57   2013-03-25  20.28027
58   2013-03-26  20.51104
59   2013-03-27  20.57567
60   2013-03-28  20.28950
61   2013-04-01  19.99411
62   2013-04-02  20.03103
63   2013-04-03  19.48641
64   2013-04-04  19.68949
65   2013-04-05  19.90181
66   2013-04-08  20.06796
67   2013-04-09  20.06796
68   2013-04-10  20.51104
69   2013-04-11  20.55720
70   2013-04-12  20.14181
71   2013-04-15  19.82796
72   2013-04-16  20.16950
73   2013-04-17  19.81873
74   2013-04-18  18.74794
75   2013-04-19  18.99718
76   2013-04-22  19.11718
77   2013-04-23  19.94796
78   2013-04-24  19.80026
79   2013-04-25  19.78180
80   2013-04-26  19.80031
81   2013-04-29  20.54976
82   2013-04-30  20.49424
83   2013-05-01  20.21667
84   2013-05-02  20.62377
85   2013-05-03  21.05865
86   2013-05-06  21.53977
87   2013-05-07  21.53052
88   2013-05-08  21.90062
89   2013-05-09  21.66005
90   2013-05-10  22.15044
91   2013-05-13  21.90987
92   2013-05-14  22.45576
93   2013-05-15  23.00166
94   2013-05-16  22.74259
95   2013-05-17  23.30699
96   2013-05-20  23.19597
97   2013-05-21  23.24223
98   2013-05-22  22.85363
99   2013-05-23  22.43726
100  2013-05-24  22.52979
101  2013-05-28  22.88138
102  2013-05-29  23.11269
103  2013-05-30  23.88990
104  2013-05-31  23.96392
105  2013-06-03  23.73261
106  2013-06-04  23.56606
107  2013-06-05  23.15896
108  2013-06-06  23.51055
109  2013-06-07  24.98169
110  2013-06-10  25.12048
111  2013-06-11  24.13972
112  2013-06-12  23.65859
113  2013-06-13  24.39879
114  2013-06-14  23.89915
115  2013-06-17  24.25075
116  2013-06-18  24.35253
117  2013-06-19  24.15822
118  2013-06-20  23.26998
119  2013-06-21  23.04792
120  2013-06-24  22.57605
121  2013-06-25  23.15896
122  2013-06-26  23.02017
123  2013-06-27  23.16821
124  2013-06-28  22.60381
125  2013-07-01  22.75185
126  2013-07-02  22.61306
127  2013-07-03  22.24296
128  2013-07-05  22.73334
129  2013-07-08  23.02017
130  2013-07-09  23.53831
131  2013-07-10  23.44578
132  2013-07-11  23.64008
133  2013-07-12  24.17673
134  2013-07-15  24.69487
135  2013-07-16  24.40805
136  2013-07-17  24.55609
137  2013-07-18  25.62937
138  2013-07-19  25.53685
139  2013-07-22  25.54610
140  2013-07-23  25.73115
141  2013-07-24  25.65712
142  2013-07-25  25.68489
143  2013-07-26  25.62937
144  2013-07-29  25.31421
145  2013-07-30  25.09175
146  2013-07-31  25.22152
147  2013-08-01  25.87964
148  2013-08-02  25.81475
149  2013-08-05  25.81475
150  2013-08-06  25.31421
151  2013-08-07  25.09175
152  2013-08-08  24.95272
153  2013-08-09  24.80441
154  2013-08-12  24.67464
155  2013-08-13  24.98979
156  2013-08-14  24.83222
157  2013-08-15  24.43364
158  2013-08-16  24.53560
159  2013-08-19  23.92383
160  2013-08-20  24.38730
161  2013-08-21  24.10922
162  2013-08-22  24.30387
163  2013-08-23  24.39657
164  2013-08-26  24.45218
165  2013-08-27  23.59014
166  2013-08-28  23.71064
167  2013-08-29  24.01652
168  2013-08-30  23.87749
169  2013-09-03  24.35022
170  2013-09-04  24.57268
171  2013-09-05  24.70245
172  2013-09-06  24.85076
173  2013-09-09  25.43471
174  2013-09-10  25.99087
175  2013-09-11  26.18552
176  2013-09-12  25.97233
177  2013-09-13  26.07429
178  2013-09-16  26.63045
179  2013-09-17  26.88998
180  2013-09-18  26.89925
181  2013-09-19  26.50994
182  2013-09-20  26.12991
183  2013-09-23  25.23079
184  2013-09-24  25.27714
185  2013-09-25  25.23079
186  2013-09-26  25.16591
187  2013-09-27  25.10102
188  2013-09-30  24.98053
189  2013-10-01  25.15664
190  2013-10-02  25.13810
191  2013-10-03  24.88783
192  2013-10-04  25.01760
193  2013-10-07  24.87856
194  2013-10-08  24.60975
195  2013-10-09  24.81367
196  2013-10-10  25.62010
197  2013-10-11  25.90745
198  2013-10-14  26.12064
199  2013-10-15  25.94452
200  2013-10-16  26.53775
201  2013-10-17  26.81583
202  2013-10-18  27.52029
203  2013-10-21  27.27929
204  2013-10-22  27.30710
205  2013-10-23  26.95487
206  2013-10-24  27.24221
207  2013-10-25  27.09390
208  2013-10-28  26.85290
209  2013-10-29  27.26145
210  2013-10-30  27.02932
211  2013-10-31  26.67648
212  2013-11-01  27.11289
213  2013-11-04  27.24288
214  2013-11-05  26.91790
215  2013-11-06  27.04789
216  2013-11-07  26.66720
217  2013-11-08  27.33574
218  2013-11-11  27.93928
219  2013-11-12  27.63286
220  2013-11-13  27.90214
221  2013-11-14  28.17141
222  2013-11-15  28.13426
223  2013-11-18  28.16212
224  2013-11-19  28.17141
225  2013-11-20  28.10641
226  2013-11-21  28.68210
227  2013-11-22  29.09993
228  2013-11-25  29.28564
229  2013-11-26  29.14636
230  2013-11-27  29.16493
231  2013-11-29  29.06279
232  2013-12-02  29.18350
233  2013-12-03  28.75638
234  2013-12-04  28.90494
235  2013-12-05  28.05070
236  2013-12-06  28.28283
237  2013-12-09  28.21784
238  2013-12-10  28.57067
239  2013-12-11  27.96714
240  2013-12-12  28.30140
241  2013-12-13  28.86780
242  2013-12-16  28.70996
243  2013-12-17  28.33854
244  2013-12-18  29.35992
245  2013-12-19  28.65424
246  2013-12-20  28.71924
247  2013-12-23  28.88638
248  2013-12-24  28.79352
249  2013-12-26  28.87709
250  2013-12-27  28.83995
251  2013-12-30  28.64495
252  2013-12-31  29.11850
253  2014-01-02  28.81209
254  2014-01-03  29.25778
255  2014-01-06  29.35992
256  2014-01-07  29.26707
257  2014-01-08  29.30421
258  2014-01-09  29.29493
259  2014-01-10  29.06279
260  2014-01-13  28.66353
261  2014-01-14  28.87709
262  2014-01-15  29.91703
263  2014-01-16  29.71276
264  2014-01-17  31.01269
265  2014-01-21  30.29773
266  2014-01-22  29.98203
267  2014-01-23  29.22992
268  2014-01-24  28.27355
269  2014-01-27  27.82785
270  2014-01-28  27.97642
271  2014-01-29  27.84621
272  2014-01-30  27.88341
273  2014-01-31  27.44628
274  2014-02-03  26.92544
275  2014-02-04  26.99055
276  2014-02-05  27.13936
277  2014-02-06  27.61369
278  2014-02-07  27.61369
279  2014-02-10  27.62299
280  2014-02-11  28.15313
281  2014-02-12  28.05082
282  2014-02-13  27.81831
283  2014-02-14  27.61369
284  2014-02-18  27.49279
285  2014-02-19  26.93474
286  2014-02-20  27.27887
287  2014-02-21  27.54859
288  2014-02-24  28.19033
289  2014-02-25  27.63229
290  2014-02-26  27.84621
291  2014-02-27  28.23683
292  2014-02-28  28.64607
293  2014-03-03  28.14383
294  2014-03-04  28.92509
295  2014-03-05  29.73424
296  2014-03-06  29.61334
297  2014-03-07  29.95745
298  2014-03-10  29.88305
299  2014-03-11  29.48313
300  2014-03-12  29.24131
301  2014-03-13  29.24131
302  2014-03-14  28.92509
303  2014-03-17  29.17620
304  2014-03-18  29.43662
305  2014-03-19  29.58544
306  2014-03-20  30.49690
307  2014-03-21  30.32019
308  2014-03-24  30.17138
309  2014-03-25  29.38082
310  2014-03-26  29.03669
311  2014-03-27  28.73908
312  2014-03-28  28.74837
313  2014-03-31  28.99019
314  2014-04-01  29.02739
315  2014-04-02  29.21341
316  2014-04-03  28.78558
317  2014-04-04  28.24614
318  2014-04-07  27.45558
319  2014-04-08  27.46488
320  2014-04-09  28.10663
321  2014-04-10  27.20446
322  2014-04-11  26.47901
323  2014-04-14  27.02775
324  2014-04-15  27.48348
325  2014-04-16  27.79971
326  2014-04-17  28.60886
327  2014-04-21  28.81348
328  2014-04-22  29.01809
329  2014-04-23  28.86928
330  2014-04-24  28.77627
331  2014-04-25  28.44145
332  2014-04-28  27.98422
333  2014-04-29  28.47878
334  2014-04-30  28.86135
335  2014-05-01  29.13196
336  2014-05-02  28.63740
337  2014-05-05  28.05887
338  2014-05-06  27.48967
339  2014-05-07  27.71362
340  2014-05-08  27.70429
341  2014-05-09  27.69496
342  2014-05-12  28.30148
343  2014-05-13  28.30148
344  2014-05-14  28.22683
345  2014-05-15  27.77893
346  2014-05-16  28.12419
347  2014-05-19  28.14285
348  2014-05-20  27.72295
349  2014-05-21  28.00288
350  2014-05-22  28.35747
351  2014-05-23  28.45078
352  2014-05-27  29.03865
353  2014-05-28  28.86135
354  2014-05-29  29.04798
355  2014-05-30  28.79603
356  2014-06-02  28.83336
357  2014-06-03  28.78671
358  2014-06-04  29.11330
359  2014-06-05  29.51454
360  2014-06-06  29.81314
361  2014-06-09  29.84113
362  2014-06-10  29.93444
363  2014-06-11  29.57052
364  2014-06-12  29.60785
365  2014-06-13  29.47721
366  2014-06-16  29.58919
367  2014-06-17  30.32635
368  2014-06-18  30.47565
369  2014-06-19  30.36368
370  2014-06-20  30.13039
371  2014-06-23  30.34501
372  2014-06-24  29.88778
373  2014-06-25  30.07441
374  2014-06-26  29.75715
375  2014-06-27  29.43988
376  2014-06-30  30.16772
377  2014-07-01  30.15838
378  2014-07-02  30.31702
379  2014-07-03  30.43832
380  2014-07-07  30.22371
381  2014-07-08  29.62651
382  2014-07-09  29.86912
383  2014-07-10  29.56119
384  2014-07-11  29.30925
385  2014-07-14  29.68250
386  2014-07-15  29.85979
387  2014-07-16  30.32635
388  2014-07-17  30.13973
389  2014-07-18  30.45698
390  2014-07-21  30.37300
391  2014-07-22  30.70893
392  2014-07-23  31.11950
393  2014-07-24  31.16616
394  2014-07-25  31.01686
395  2014-07-28  30.85823
396  2014-07-29  30.55873
397  2014-07-30  31.20453
398  2014-07-31  30.26858
399  2014-08-01  29.57597
400  2014-08-04  29.79124
401  2014-08-05  29.39815
402  2014-08-06  29.53854
403  2014-08-07  29.35135
404  2014-08-08  29.90356
405  2014-08-11  30.02523
406  2014-08-12  29.95971
407  2014-08-13  29.96907
408  2014-08-14  30.10947
409  2014-08-15  30.15627
410  2014-08-18  30.52129
411  2014-08-19  30.44640
412  2014-08-20  30.45577
413  2014-08-21  30.91438
414  2014-08-22  31.32620
415  2014-08-25  32.00945
416  2014-08-26  32.19664
417  2014-08-27  31.94393
418  2014-08-28  31.87841
419  2014-08-29  32.11240
420  2014-09-02  32.33702
421  2014-09-03  32.34638
422  2014-09-04  32.47742
423  2014-09-05  32.41190
424  2014-09-08  32.62717
425  2014-09-09  31.73802
426  2014-09-10  32.13112
427  2014-09-11  32.50549
428  2014-09-12  32.76756
429  2014-09-15  32.95475
430  2014-09-16  32.86116
431  2014-09-17  33.28234
432  2014-09-18  33.81582
433  2014-09-19  33.46952
434  2014-09-22  32.92668
435  2014-09-23  32.77692
436  2014-09-24  32.73948
437  2014-09-25  32.02816
438  2014-09-26  32.43063
439  2014-09-29  32.29023
440  2014-09-30  32.35575
441  2014-10-01  31.78482
442  2014-10-02  32.08432
443  2014-10-03  32.80500
444  2014-10-06  32.74884
445  2014-10-07  31.84097
446  2014-10-08  32.29023
447  2014-10-09  31.16709
448  2014-10-10  30.83015
449  2014-10-13  30.74591
450  2014-10-14  30.89566
451  2014-10-15  30.52129
452  2014-10-16  30.44640
453  2014-10-17  31.09221
454  2014-10-20  31.18581
455  2014-10-21  31.87841
456  2014-10-22  31.28877
457  2014-10-23  31.78482
458  2014-10-24  32.12176
459  2014-10-27  31.78482
460  2014-10-28  32.15919
461  2014-10-29  32.28123
462  2014-10-30  32.40325
463  2014-10-31  32.80689
464  2014-11-03  32.58160
465  2014-11-04  32.53467
466  2014-11-05  32.75995
467  2014-11-06  33.14481
468  2014-11-07  33.47335
469  2014-11-10  33.67986
470  2014-11-11  33.59538
471  2014-11-12  33.76434
472  2014-11-13  33.64230
473  2014-11-14  33.50151
474  2014-11-17  33.41703
475  2014-11-18  33.29500
476  2014-11-19  33.30438
477  2014-11-20  33.21991
478  2014-11-21  33.35132
479  2014-11-24  33.43580
480  2014-11-25  33.13543
481  2014-11-26  32.96646
482  2014-11-28  33.02278
483  2014-12-01  32.94768
484  2014-12-02  33.57660
485  2014-12-03  34.28061
486  2014-12-04  34.53405
487  2014-12-05  34.95647
488  2014-12-08  35.66987
489  2014-12-09  35.76373
490  2014-12-10  35.09727
491  2014-12-11  35.10665
492  2014-12-12  34.02718
493  2014-12-15  33.72680
494  2014-12-16  33.34193
495  2014-12-17  34.47774
496  2014-12-18  35.76373
497  2014-12-19  36.14859
498  2014-12-22  36.20491
499  2014-12-23  36.56161
500  2014-12-24  36.43019
 [ reached getOption("max.print") -- omitted 816 rows ]
           Date Adj.Close
1009 2017-01-03   42.0442
   [1] 18.07138 18.03453 18.59639 18.23717 18.09901 18.07138 18.73455 18.57797 18.48586 18.81745 18.91876 19.11219 20.61353 21.16617 20.88064
  [16] 20.81617 20.90827 20.54906 20.80695 21.16617 21.04643 21.70183 21.12028 21.60028 21.59106 21.32336 21.52644 21.48952 21.81260 21.81260
  [31] 21.99722 22.03414 22.44953 21.61875 21.07413 21.76644 20.33565 20.71413 21.13875 20.81566 20.70489 20.86182 20.99105 21.14797 21.43413
  [46] 21.25874 21.32336 20.92644 21.02797 21.04643 21.77568 21.22182 20.66797 20.99105 20.36335 20.47412 20.28027 20.51104 20.57567 20.28950
  [61] 19.99411 20.03103 19.48641 19.68949 19.90181 20.06796 20.06796 20.51104 20.55720 20.14181 19.82796 20.16950 19.81873 18.74794 18.99718
  [76] 19.11718 19.94796 19.80026 19.78180 19.80031 20.54976 20.49424 20.21667 20.62377 21.05865 21.53977 21.53052 21.90062 21.66005 22.15044
  [91] 21.90987 22.45576 23.00166 22.74259 23.30699 23.19597 23.24223 22.85363 22.43726 22.52979 22.88138 23.11269 23.88990 23.96392 23.73261
 [106] 23.56606 23.15896 23.51055 24.98169 25.12048 24.13972 23.65859 24.39879 23.89915 24.25075 24.35253 24.15822 23.26998 23.04792 22.57605
 [121] 23.15896 23.02017 23.16821 22.60381 22.75185 22.61306 22.24296 22.73334 23.02017 23.53831 23.44578 23.64008 24.17673 24.69487 24.40805
 [136] 24.55609 25.62937 25.53685 25.54610 25.73115 25.65712 25.68489 25.62937 25.31421 25.09175 25.22152 25.87964 25.81475 25.81475 25.31421
 [151] 25.09175 24.95272 24.80441 24.67464 24.98979 24.83222 24.43364 24.53560 23.92383 24.38730 24.10922 24.30387 24.39657 24.45218 23.59014
 [166] 23.71064 24.01652 23.87749 24.35022 24.57268 24.70245 24.85076 25.43471 25.99087 26.18552 25.97233 26.07429 26.63045 26.88998 26.89925
 [181] 26.50994 26.12991 25.23079 25.27714 25.23079 25.16591 25.10102 24.98053 25.15664 25.13810 24.88783 25.01760 24.87856 24.60975 24.81367
 [196] 25.62010 25.90745 26.12064 25.94452 26.53775 26.81583 27.52029 27.27929 27.30710 26.95487 27.24221 27.09390 26.85290 27.26145 27.02932
 [211] 26.67648 27.11289 27.24288 26.91790 27.04789 26.66720 27.33574 27.93928 27.63286 27.90214 28.17141 28.13426 28.16212 28.17141 28.10641
 [226] 28.68210 29.09993 29.28564 29.14636 29.16493 29.06279 29.18350 28.75638 28.90494 28.05070 28.28283 28.21784 28.57067 27.96714 28.30140
 [241] 28.86780 28.70996 28.33854 29.35992 28.65424 28.71924 28.88638 28.79352 28.87709 28.83995 28.64495 29.11850 28.81209 29.25778 29.35992
 [256] 29.26707 29.30421 29.29493 29.06279 28.66353 28.87709 29.91703 29.71276 31.01269 30.29773 29.98203 29.22992 28.27355 27.82785 27.97642
 [271] 27.84621 27.88341 27.44628 26.92544 26.99055 27.13936 27.61369 27.61369 27.62299 28.15313 28.05082 27.81831 27.61369 27.49279 26.93474
 [286] 27.27887 27.54859 28.19033 27.63229 27.84621 28.23683 28.64607 28.14383 28.92509 29.73424 29.61334 29.95745 29.88305 29.48313 29.24131
 [301] 29.24131 28.92509 29.17620 29.43662 29.58544 30.49690 30.32019 30.17138 29.38082 29.03669 28.73908 28.74837 28.99019 29.02739 29.21341
 [316] 28.78558 28.24614 27.45558 27.46488 28.10663 27.20446 26.47901 27.02775 27.48348 27.79971 28.60886 28.81348 29.01809 28.86928 28.77627
 [331] 28.44145 27.98422 28.47878 28.86135 29.13196 28.63740 28.05887 27.48967 27.71362 27.70429 27.69496 28.30148 28.30148 28.22683 27.77893
 [346] 28.12419 28.14285 27.72295 28.00288 28.35747 28.45078 29.03865 28.86135 29.04798 28.79603 28.83336 28.78671 29.11330 29.51454 29.81314
 [361] 29.84113 29.93444 29.57052 29.60785 29.47721 29.58919 30.32635 30.47565 30.36368 30.13039 30.34501 29.88778 30.07441 29.75715 29.43988
 [376] 30.16772 30.15838 30.31702 30.43832 30.22371 29.62651 29.86912 29.56119 29.30925 29.68250 29.85979 30.32635 30.13973 30.45698 30.37300
 [391] 30.70893 31.11950 31.16616 31.01686 30.85823 30.55873 31.20453 30.26858 29.57597 29.79124 29.39815 29.53854 29.35135 29.90356 30.02523
 [406] 29.95971 29.96907 30.10947 30.15627 30.52129 30.44640 30.45577 30.91438 31.32620 32.00945 32.19664 31.94393 31.87841 32.11240 32.33702
 [421] 32.34638 32.47742 32.41190 32.62717 31.73802 32.13112 32.50549 32.76756 32.95475 32.86116 33.28234 33.81582 33.46952 32.92668 32.77692
 [436] 32.73948 32.02816 32.43063 32.29023 32.35575 31.78482 32.08432 32.80500 32.74884 31.84097 32.29023 31.16709 30.83015 30.74591 30.89566
 [451] 30.52129 30.44640 31.09221 31.18581 31.87841 31.28877 31.78482 32.12176 31.78482 32.15919 32.28123 32.40325 32.80689 32.58160 32.53467
 [466] 32.75995 33.14481 33.47335 33.67986 33.59538 33.76434 33.64230 33.50151 33.41703 33.29500 33.30438 33.21991 33.35132 33.43580 33.13543
 [481] 32.96646 33.02278 32.94768 33.57660 34.28061 34.53405 34.95647 35.66987 35.76373 35.09727 35.10665 34.02718 33.72680 33.34193 34.47774
 [496] 35.76373 36.14859 36.20491 36.56161 36.43019 36.34571 36.57099 36.60854 36.42080 36.33633 35.20052 34.18675 34.67486 35.19113 34.61854
 [511] 34.13981 33.82066 33.05094 32.45958 32.75056 32.61915 32.60037 33.35132 32.99462 32.95707 32.53467 31.79096 32.35581 31.82862 32.40287
 [526] 32.98654 32.73236 32.88298 33.69259 33.54196 34.04090 34.23859 34.73753 34.62456 34.75636 34.23859 34.20094 34.58691 34.14446 34.58691
 [541] 34.44571 33.94677 33.69259 34.11622 33.72083 33.03360 33.43841 33.44783 33.57961 32.83592 32.90182 34.91640 34.21977 34.57750 34.40804
 [556] 34.57750 33.99383 34.36097 34.18211 34.11622 33.37251 33.53255 33.73025 34.18211 33.59845 33.86204 33.94677 33.80555 33.83379 34.13504
 [571] 34.49278 34.11622 34.17270 34.68105 35.19882 35.17057 34.59633 34.79402 34.59633 35.01995 35.18940 35.17057 34.87874 35.01108 35.43643
 [586] 35.26628 35.45533 35.83342 35.39862 35.02053 35.48369 35.81451 36.15480 35.65382 35.71054 36.05082 35.77671 36.23042 36.57069 36.23042
 [601] 35.95630 36.07917 35.71999 36.50452 36.60850 36.10753 36.46672 36.41002 36.87317 36.58015 37.13783 36.94878 36.98660 37.70497 37.68606
 [616] 37.44030 37.36469 37.56318 37.41195 37.61044 37.21345 37.66716 38.00744 37.46866 37.07166 37.33632 36.21151 36.66522 37.20399 36.86372
 [631] 36.72193 36.50452 35.71999 36.01301 36.52343 37.16618 37.53482 37.52537 37.72387 37.99799 37.84676 37.88456 38.31936 37.75223 37.43084
 [646] 37.10002 37.10002 37.28030 37.28979 36.85332 36.77741 36.92923 37.00514 36.93872 36.60662 37.08104 35.98037 35.64828 35.81908 36.10373
 [661] 36.18912 35.88549 35.52493 34.31988 32.46015 30.60989 30.13546 31.59669 32.54554 32.30833 32.68787 31.42590 32.06163 32.07112 31.49232
 [676] 32.51708 32.02368 32.13754 32.25140 32.08061 32.81121 32.84918 32.30833 31.34050 31.63464 30.78068 30.66682 30.33472 30.54347 29.49974
 [691] 29.42383 29.88876 29.88876 29.82234 30.63836 30.70478 31.24562 31.30255 31.04636 31.12226 30.94199 30.87557 31.89084 32.21345 30.66682
 [706] 30.60040 29.86979 30.69528 30.95147 30.88505 30.58142 31.87790 31.97322 31.42985 31.91602 31.73490 31.83976 32.29734 33.75587 33.46988
 [721] 33.59381 33.38409 32.63099 32.34501 32.45940 32.02089 32.65005 32.57379 32.32594 32.06855 32.02089 32.03995 32.20201 32.69772 33.62241
 [736] 33.26016 32.84072 33.67007 33.05997 32.46893 31.81116 31.85882 30.58143 30.39076 31.30592 32.03995 30.86741 29.82833 30.20011 30.71489
 [751] 31.07713 30.96274 30.66722 31.02947 30.72442 30.32404 30.00945 29.81880 29.07523 27.62624 27.05426 27.13052 27.13052 25.63387 25.88172
 [766] 24.75684 25.03329 24.06094 23.62244 24.41367 23.81309 24.29926 24.32804 24.13625 24.81709 24.65407 23.49376 23.32116 23.98282 23.34993
 [781] 21.73892 21.98825 21.76769 20.79918 22.14167 22.74580 23.23486 22.97594 23.01430 23.53213 22.73621 22.73621 23.61843 24.12666 23.68555
 [796] 25.01846 25.03764 25.06641 25.05682 25.01846 23.98282 23.59925 23.63761 24.93216 24.84586 24.38557 24.12666 24.78832 25.20066 24.87462
 [811] 24.77873 24.23214 23.90611 23.70473 23.76227 24.04036 23.98282 24.48146 24.01159 23.37870 23.41705 22.74580 22.77457 23.11978 23.57048
 [826] 24.81709 25.09518 24.70201 24.67325 25.37327 26.28425 26.14041 26.56234 26.39933 26.41850 26.54384 26.25459 26.09068 26.28352 25.92677
 [841] 25.33862 25.23256 25.30969 25.16507 25.67608 25.41576 25.29041 24.96259 25.27113 25.22292 26.26423 25.65680 25.81107 25.86892 26.42814
 [856] 26.78489 26.43779 26.54384 26.38957 26.50528 26.30280 25.58931 25.88820 25.57002 25.58931 25.14578 24.62513 24.35516 23.71880 23.83450
 [871] 24.17197 24.40337 24.97223 25.26148 25.44468 26.31244 23.64167 22.76426 23.72844 24.32623 25.04937 24.99152 24.10447 24.24910 24.76976
 [886] 25.42540 25.51217 26.38957 26.18710 26.99701 27.00665 27.19949 27.18020 27.74907 27.83584 27.88405 28.08653 28.18295 28.17324 28.01791
 [901] 27.89170 27.66841 27.18300 27.59075 27.45483 28.16353 28.27032 28.48390 28.26061 28.52274 28.31886 28.79456 29.36735 29.48385 29.65859
 [916] 29.65859 29.70714 29.82363 30.00809 30.06634 30.25080 30.49350 31.25074 31.12454 30.97891 30.95949 30.82358 30.76533 31.10512 30.66825
 [931] 31.29929 30.54204 30.63913 31.01775 30.66825 30.67796 30.77504 30.98862 31.29929 30.97891 30.12459 30.43525 30.84300 30.13430 31.12454
 [946] 31.01775 31.10512 31.60995 31.44491 31.36725 31.60995 31.24104 30.97891 30.80417 31.13424 30.86242 31.37695 31.96915 31.94003 32.46427
 [961] 32.40602 32.37689 32.60989 33.02985 32.73685 32.78569 32.58059 32.15088 32.04345 32.01414 33.20564 33.30330 35.66676 37.13173 37.59074
 [976] 38.43064 39.06546 38.27438 39.03616 39.48541 39.61238 39.59285 40.08116 40.13976 39.49518 39.65144 40.39369 41.17500 40.85271 41.10663
 [991] 41.51682 41.64378 42.56182 42.70832 41.97583 41.56565 41.85864 42.00513 41.71215 41.82935
 [ reached getOption("max.print") -- omitted 9 entries ]
  [1] 42.04420 41.26290 41.16523 41.62425 42.11256 42.05397 41.79028 42.35672 42.48369 41.82935 41.71215 42.00513 41.85864 41.56565 41.97583
 [16] 42.70832 42.56182 41.64378 41.51682 41.10663 40.85271 41.17500 40.39369 39.65144 39.49518 40.13976 40.08116 39.59285 39.61238 39.48541
 [31] 39.03616 38.27438 39.06546 38.43064 37.59074 37.13173 35.66676 33.30330 33.20564 32.01414 32.04345 32.15088 32.58059 32.78569 32.73685
 [46] 33.02985 32.60989 32.37689 32.40602 32.46427 31.94003 31.96915 31.37695 30.86242 31.13424 30.80417 30.97891 31.24104 31.60995 31.36725
 [61] 31.44491 31.60995 31.10512 31.01775 31.12454 30.13430 30.84300 30.43525 30.12459 30.97891 31.29929 30.98862 30.77504 30.67796 30.66825
 [76] 31.01775 30.63913 30.54204 31.29929 30.66825 31.10512 30.76533 30.82358 30.95949 30.97891 31.12454 31.25074 30.49350 30.25080 30.06634
 [91] 30.00809 29.82363 29.70714 29.65859 29.65859 29.48385 29.36735 28.79456 28.31886 28.52274 28.26061 28.48390 28.27032 28.16353 27.45483
[106] 27.59075 27.18300 27.66841 27.89170 28.01791 28.17324 28.18295 28.08653 27.88405 27.83584 27.74907 27.18020 27.19949 27.00665 26.99701
[121] 26.18710 26.38957 25.51217 25.42540 24.76976 24.24910 24.10447 24.99152 25.04937 24.32623 23.72844 22.76426 23.64167 26.31244 25.44468
[136] 25.26148 24.97223 24.40337 24.17197 23.83450 23.71880 24.35516 24.62513 25.14578 25.58931 25.57002 25.88820 25.58931 26.30280 26.50528
[151] 26.38957 26.54384 26.43779 26.78489 26.42814 25.86892 25.81107 25.65680 26.26423 25.22292 25.27113 24.96259 25.29041 25.41576 25.67608
[166] 25.16507 25.30969 25.23256 25.33862 25.92677 26.28352 26.09068 26.25459 26.54384 26.41850 26.39933 26.56234 26.14041 26.28425 25.37327
[181] 24.67325 24.70201 25.09518 24.81709 23.57048 23.11978 22.77457 22.74580 23.41705 23.37870 24.01159 24.48146 23.98282 24.04036 23.76227
[196] 23.70473 23.90611 24.23214 24.77873 24.87462 25.20066 24.78832 24.12666 24.38557 24.84586 24.93216 23.63761 23.59925 23.98282 25.01846
[211] 25.05682 25.06641 25.03764 25.01846 23.68555 24.12666 23.61843 22.73621 22.73621 23.53213 23.01430 22.97594 23.23486 22.74580 22.14167
[226] 20.79918 21.76769 21.98825 21.73892 23.34993 23.98282 23.32116 23.49376 24.65407 24.81709 24.13625 24.32804 24.29926 23.81309 24.41367
[241] 23.62244 24.06094 25.03329 24.75684 25.88172 25.63387 27.13052 27.13052 27.05426 27.62624 29.07523 29.81880 30.00945 30.32404 30.72442
[256] 31.02947 30.66722 30.96274 31.07713 30.71489 30.20011 29.82833 30.86741 32.03995 31.30592 30.39076 30.58143 31.85882 31.81116 32.46893
[271] 33.05997 33.67007 32.84072 33.26016 33.62241 32.69772 32.20201 32.03995 32.02089 32.06855 32.32594 32.57379 32.65005 32.02089 32.45940
[286] 32.34501 32.63099 33.38409 33.59381 33.46988 33.75587 32.29734 31.83976 31.73490 31.91602 31.42985 31.97322 31.87790 30.58142 30.88505
[301] 30.95147 30.69528 29.86979 30.60040 30.66682 32.21345 31.89084 30.87557 30.94199 31.12226 31.04636 31.30255 31.24562 30.70478 30.63836
[316] 29.82234 29.88876 29.88876 29.42383 29.49974 30.54347 30.33472 30.66682 30.78068 31.63464 31.34050 32.30833 32.84918 32.81121 32.08061
[331] 32.25140 32.13754 32.02368 32.51708 31.49232 32.07112 32.06163 31.42590 32.68787 32.30833 32.54554 31.59669 30.13546 30.60989 32.46015
[346] 34.31988 35.52493 35.88549 36.18912 36.10373 35.81908 35.64828 35.98037 37.08104 36.60662 36.93872 37.00514 36.92923 36.77741 36.85332
[361] 37.28979 37.28030 37.10002 37.10002 37.43084 37.75223 38.31936 37.88456 37.84676 37.99799 37.72387 37.52537 37.53482 37.16618 36.52343
[376] 36.01301 35.71999 36.50452 36.72193 36.86372 37.20399 36.66522 36.21151 37.33632 37.07166 37.46866 38.00744 37.66716 37.21345 37.61044
[391] 37.41195 37.56318 37.36469 37.44030 37.68606 37.70497 36.98660 36.94878 37.13783 36.58015 36.87317 36.41002 36.46672 36.10753 36.60850
[406] 36.50452 35.71999 36.07917 35.95630 36.23042 36.57069 36.23042 35.77671 36.05082 35.71054 35.65382 36.15480 35.81451 35.48369 35.02053
[421] 35.39862 35.83342 35.45533 35.26628 35.43643 35.01108 34.87874 35.17057 35.18940 35.01995 34.59633 34.79402 34.59633 35.17057 35.19882
[436] 34.68105 34.17270 34.11622 34.49278 34.13504 33.83379 33.80555 33.94677 33.86204 33.59845 34.18211 33.73025 33.53255 33.37251 34.11622
[451] 34.18211 34.36097 33.99383 34.57750 34.40804 34.57750 34.21977 34.91640 32.90182 32.83592 33.57961 33.44783 33.43841 33.03360 33.72083
[466] 34.11622 33.69259 33.94677 34.44571 34.58691 34.14446 34.58691 34.20094 34.23859 34.75636 34.62456 34.73753 34.23859 34.04090 33.54196
[481] 33.69259 32.88298 32.73236 32.98654 32.40287 31.82862 32.35581 31.79096 32.53467 32.95707 32.99462 33.35132 32.60037 32.61915 32.75056
[496] 32.45958 33.05094 33.82066 34.13981 34.61854 35.19113 34.67486 34.18675 35.20052 36.33633 36.42080 36.60854 36.57099 36.34571 36.43019
[511] 36.56161 36.20491 36.14859 35.76373 34.47774 33.34193 33.72680 34.02718 35.10665 35.09727 35.76373 35.66987 34.95647 34.53405 34.28061
[526] 33.57660 32.94768 33.02278 32.96646 33.13543 33.43580 33.35132 33.21991 33.30438 33.29500 33.41703 33.50151 33.64230 33.76434 33.59538
[541] 33.67986 33.47335 33.14481 32.75995 32.53467 32.58160 32.80689 32.40325 32.28123 32.15919 31.78482 32.12176 31.78482 31.28877 31.87841
[556] 31.18581 31.09221 30.44640 30.52129 30.89566 30.74591 30.83015 31.16709 32.29023 31.84097 32.74884 32.80500 32.08432 31.78482 32.35575
[571] 32.29023 32.43063 32.02816 32.73948 32.77692 32.92668 33.46952 33.81582 33.28234 32.86116 32.95475 32.76756 32.50549 32.13112 31.73802
[586] 32.62717 32.41190 32.47742 32.34638 32.33702 32.11240 31.87841 31.94393 32.19664 32.00945 31.32620 30.91438 30.45577 30.44640 30.52129
[601] 30.15627 30.10947 29.96907 29.95971 30.02523 29.90356 29.35135 29.53854 29.39815 29.79124 29.57597 30.26858 31.20453 30.55873 30.85823
[616] 31.01686 31.16616 31.11950 30.70893 30.37300 30.45698 30.13973 30.32635 29.85979 29.68250 29.30925 29.56119 29.86912 29.62651 30.22371
[631] 30.43832 30.31702 30.15838 30.16772 29.43988 29.75715 30.07441 29.88778 30.34501 30.13039 30.36368 30.47565 30.32635 29.58919 29.47721
[646] 29.60785 29.57052 29.93444 29.84113 29.81314 29.51454 29.11330 28.78671 28.83336 28.79603 29.04798 28.86135 29.03865 28.45078 28.35747
[661] 28.00288 27.72295 28.14285 28.12419 27.77893 28.22683 28.30148 28.30148 27.69496 27.70429 27.71362 27.48967 28.05887 28.63740 29.13196
[676] 28.86135 28.47878 27.98422 28.44145 28.77627 28.86928 29.01809 28.81348 28.60886 27.79971 27.48348 27.02775 26.47901 27.20446 28.10663
[691] 27.46488 27.45558 28.24614 28.78558 29.21341 29.02739 28.99019 28.74837 28.73908 29.03669 29.38082 30.17138 30.32019 30.49690 29.58544
[706] 29.43662 29.17620 28.92509 29.24131 29.24131 29.48313 29.88305 29.95745 29.61334 29.73424 28.92509 28.14383 28.64607 28.23683 27.84621
[721] 27.63229 28.19033 27.54859 27.27887 26.93474 27.49279 27.61369 27.81831 28.05082 28.15313 27.62299 27.61369 27.61369 27.13936 26.99055
[736] 26.92544 27.44628 27.88341 27.84621 27.97642 27.82785 28.27355 29.22992 29.98203 30.29773 31.01269 29.71276 29.91703 28.87709 28.66353
[751] 29.06279 29.29493 29.30421 29.26707 29.35992 29.25778 28.81209 29.11850 28.64495 28.83995 28.87709 28.79352 28.88638 28.71924 28.65424
[766] 29.35992 28.33854 28.70996 28.86780 28.30140 27.96714 28.57067 28.21784 28.28283 28.05070 28.90494 28.75638 29.18350 29.06279 29.16493
[781] 29.14636 29.28564 29.09993 28.68210 28.10641 28.17141 28.16212 28.13426 28.17141 27.90214 27.63286 27.93928 27.33574 26.66720 27.04789
[796] 26.91790 27.24288 27.11289 26.67648 27.02932 27.26145 26.85290 27.09390 27.24221 26.95487 27.30710 27.27929 27.52029 26.81583 26.53775
[811] 25.94452 26.12064 25.90745 25.62010 24.81367 24.60975 24.87856 25.01760 24.88783 25.13810 25.15664 24.98053 25.10102 25.16591 25.23079
[826] 25.27714 25.23079 26.12991 26.50994 26.89925 26.88998 26.63045 26.07429 25.97233 26.18552 25.99087 25.43471 24.85076 24.70245 24.57268
[841] 24.35022 23.87749 24.01652 23.71064 23.59014 24.45218 24.39657 24.30387 24.10922 24.38730 23.92383 24.53560 24.43364 24.83222 24.98979
[856] 24.67464 24.80441 24.95272 25.09175 25.31421 25.81475 25.81475 25.87964 25.22152 25.09175 25.31421 25.62937 25.68489 25.65712 25.73115
[871] 25.54610 25.53685 25.62937 24.55609 24.40805 24.69487 24.17673 23.64008 23.44578 23.53831 23.02017 22.73334 22.24296 22.61306 22.75185
[886] 22.60381 23.16821 23.02017 23.15896 22.57605 23.04792 23.26998 24.15822 24.35253 24.25075 23.89915 24.39879 23.65859 24.13972 25.12048
[901] 24.98169 23.51055 23.15896 23.56606 23.73261 23.96392 23.88990 23.11269 22.88138 22.52979 22.43726 22.85363 23.24223 23.19597 23.30699
[916] 22.74259 23.00166 22.45576 21.90987 22.15044 21.66005 21.90062 21.53052 21.53977 21.05865 20.62377 20.21667 20.49424 20.54976 19.80031
[931] 19.78180 19.80026 19.94796 19.11718 18.99718 18.74794 19.81873 20.16950 19.82796 20.14181 20.55720 20.51104 20.06796 20.06796 19.90181
[946] 19.68949 19.48641 20.03103 19.99411 20.28950
          Jan      Feb      Mar      Apr      May      Jun      Jul      Aug      Sep      Oct      Nov      Dec
2017          42.04420 41.26290 41.16523 41.62425 42.11256 42.05397 41.79028 42.35672 42.48369 41.82935 41.71215
2018 42.00513 41.85864 41.56565 41.97583 42.70832 42.56182 41.64378 41.51682 41.10663 40.85271 41.17500 40.39369
2019 39.65144 39.49518 40.13976 40.08116 39.59285 39.61238 39.48541 39.03616 38.27438 39.06546 38.43064 37.59074
2020 37.13173 35.66676 33.30330 33.20564 32.01414 32.04345 32.15088 32.58059 32.78569 32.73685 33.02985 32.60989
2021 32.37689 32.40602 32.46427 31.94003 31.96915 31.37695 30.86242 31.13424 30.80417 30.97891 31.24104 31.60995
2022 31.36725 31.44491 31.60995 31.10512 31.01775 31.12454 30.13430 30.84300 30.43525 30.12459 30.97891 31.29929
2023 30.98862 30.77504 30.67796 30.66825 31.01775 30.63913 30.54204 31.29929 30.66825 31.10512 30.76533 30.82358
2024 30.95949 30.97891 31.12454 31.25074 30.49350 30.25080 30.06634 30.00809 29.82363 29.70714 29.65859 29.65859
2025 29.48385 29.36735 28.79456 28.31886 28.52274 28.26061 28.48390 28.27032 28.16353 27.45483 27.59075 27.18300
2026 27.66841 27.89170 28.01791 28.17324 28.18295 28.08653 27.88405 27.83584 27.74907 27.18020 27.19949 27.00665
2027 26.99701 26.18710 26.38957 25.51217 25.42540 24.76976 24.24910 24.10447 24.99152 25.04937 24.32623 23.72844
2028 22.76426 23.64167 26.31244 25.44468 25.26148 24.97223 24.40337 24.17197 23.83450 23.71880 24.35516 24.62513
2029 25.14578 25.58931 25.57002 25.88820 25.58931 26.30280 26.50528 26.38957 26.54384 26.43779 26.78489 26.42814
2030 25.86892 25.81107 25.65680 26.26423 25.22292 25.27113 24.96259 25.29041 25.41576 25.67608 25.16507 25.30969
2031 25.23256 25.33862 25.92677 26.28352 26.09068 26.25459 26.54384 26.41850 26.39933 26.56234 26.14041 26.28425
2032 25.37327 24.67325 24.70201 25.09518 24.81709 23.57048 23.11978 22.77457 22.74580 23.41705 23.37870 24.01159
2033 24.48146 23.98282 24.04036 23.76227 23.70473 23.90611 24.23214 24.77873 24.87462 25.20066 24.78832 24.12666
2034 24.38557 24.84586 24.93216 23.63761 23.59925 23.98282 25.01846 25.05682 25.06641 25.03764 25.01846 23.68555
2035 24.12666 23.61843 22.73621 22.73621 23.53213 23.01430 22.97594 23.23486 22.74580 22.14167 20.79918 21.76769
2036 21.98825 21.73892 23.34993 23.98282 23.32116 23.49376 24.65407 24.81709 24.13625 24.32804 24.29926 23.81309
2037 24.41367 23.62244 24.06094 25.03329 24.75684 25.88172 25.63387 27.13052 27.13052 27.05426 27.62624 29.07523
2038 29.81880 30.00945 30.32404 30.72442 31.02947 30.66722 30.96274 31.07713 30.71489 30.20011 29.82833 30.86741
2039 32.03995 31.30592 30.39076 30.58143 31.85882 31.81116 32.46893 33.05997 33.67007 32.84072 33.26016 33.62241
2040 32.69772 32.20201 32.03995 32.02089 32.06855 32.32594 32.57379 32.65005 32.02089 32.45940 32.34501 32.63099
2041 33.38409 33.59381 33.46988 33.75587 32.29734 31.83976 31.73490 31.91602 31.42985 31.97322 31.87790 30.58142
2042 30.88505 30.95147 30.69528 29.86979 30.60040 30.66682 32.21345 31.89084 30.87557 30.94199 31.12226 31.04636
2043 31.30255 31.24562 30.70478 30.63836 29.82234 29.88876 29.88876 29.42383 29.49974 30.54347 30.33472 30.66682
2044 30.78068 31.63464 31.34050 32.30833 32.84918 32.81121 32.08061 32.25140 32.13754 32.02368 32.51708 31.49232
2045 32.07112 32.06163 31.42590 32.68787 32.30833 32.54554 31.59669 30.13546 30.60989 32.46015 34.31988 35.52493
2046 35.88549 36.18912 36.10373 35.81908 35.64828 35.98037 37.08104 36.60662 36.93872 37.00514 36.92923 36.77741
2047 36.85332 37.28979 37.28030 37.10002 37.10002 37.43084 37.75223 38.31936 37.88456 37.84676 37.99799 37.72387
2048 37.52537 37.53482 37.16618 36.52343 36.01301 35.71999 36.50452 36.72193 36.86372 37.20399 36.66522 36.21151
2049 37.33632 37.07166 37.46866 38.00744 37.66716 37.21345 37.61044 37.41195 37.56318 37.36469 37.44030 37.68606
2050 37.70497 36.98660 36.94878 37.13783 36.58015 36.87317 36.41002 36.46672 36.10753 36.60850 36.50452 35.71999
2051 36.07917 35.95630 36.23042 36.57069 36.23042 35.77671 36.05082 35.71054 35.65382 36.15480 35.81451 35.48369
2052 35.02053 35.39862 35.83342 35.45533 35.26628 35.43643 35.01108 34.87874 35.17057 35.18940 35.01995 34.59633
2053 34.79402 34.59633 35.17057 35.19882 34.68105 34.17270 34.11622 34.49278 34.13504 33.83379 33.80555 33.94677
2054 33.86204 33.59845 34.18211 33.73025 33.53255 33.37251 34.11622 34.18211 34.36097 33.99383 34.57750 34.40804
2055 34.57750 34.21977 34.91640 32.90182 32.83592 33.57961 33.44783 33.43841 33.03360 33.72083 34.11622 33.69259
2056 33.94677 34.44571 34.58691 34.14446 34.58691 34.20094 34.23859 34.75636 34.62456 34.73753 34.23859 34.04090
2057 33.54196 33.69259 32.88298 32.73236 32.98654 32.40287 31.82862 32.35581 31.79096 32.53467 32.95707 32.99462
2058 33.35132 32.60037 32.61915 32.75056 32.45958 33.05094 33.82066 34.13981 34.61854 35.19113 34.67486 34.18675
2059 35.20052 36.33633 36.42080 36.60854 36.57099 36.34571 36.43019 36.56161 36.20491 36.14859 35.76373 34.47774
2060 33.34193 33.72680 34.02718 35.10665 35.09727 35.76373 35.66987 34.95647 34.53405 34.28061 33.57660 32.94768
2061 33.02278 32.96646 33.13543 33.43580 33.35132 33.21991 33.30438 33.29500 33.41703 33.50151 33.64230 33.76434
2062 33.59538 33.67986 33.47335 33.14481 32.75995 32.53467 32.58160 32.80689 32.40325 32.28123 32.15919 31.78482
2063 32.12176 31.78482 31.28877 31.87841 31.18581 31.09221 30.44640 30.52129 30.89566 30.74591 30.83015 31.16709
2064 32.29023 31.84097 32.74884 32.80500 32.08432 31.78482 32.35575 32.29023 32.43063 32.02816 32.73948 32.77692
2065 32.92668 33.46952 33.81582 33.28234 32.86116 32.95475 32.76756 32.50549 32.13112 31.73802 32.62717 32.41190
2066 32.47742 32.34638 32.33702 32.11240 31.87841 31.94393 32.19664 32.00945 31.32620 30.91438 30.45577 30.44640
2067 30.52129 30.15627 30.10947 29.96907 29.95971 30.02523 29.90356 29.35135 29.53854 29.39815 29.79124 29.57597
2068 30.26858 31.20453 30.55873 30.85823 31.01686 31.16616 31.11950 30.70893 30.37300 30.45698 30.13973 30.32635
2069 29.85979 29.68250 29.30925 29.56119 29.86912 29.62651 30.22371 30.43832 30.31702 30.15838 30.16772 29.43988
2070 29.75715 30.07441 29.88778 30.34501 30.13039 30.36368 30.47565 30.32635 29.58919 29.47721 29.60785 29.57052
2071 29.93444 29.84113 29.81314 29.51454 29.11330 28.78671 28.83336 28.79603 29.04798 28.86135 29.03865 28.45078
2072 28.35747 28.00288 27.72295 28.14285 28.12419 27.77893 28.22683 28.30148 28.30148 27.69496 27.70429 27.71362
2073 27.48967 28.05887 28.63740 29.13196 28.86135 28.47878 27.98422 28.44145 28.77627 28.86928 29.01809 28.81348
2074 28.60886 27.79971 27.48348 27.02775 26.47901 27.20446 28.10663 27.46488 27.45558 28.24614 28.78558 29.21341
2075 29.02739 28.99019 28.74837 28.73908 29.03669 29.38082 30.17138 30.32019 30.49690 29.58544 29.43662 29.17620
2076 28.92509 29.24131 29.24131 29.48313 29.88305 29.95745 29.61334 29.73424 28.92509 28.14383 28.64607 28.23683
2077 27.84621 27.63229 28.19033 27.54859 27.27887 26.93474 27.49279 27.61369 27.81831 28.05082 28.15313 27.62299
2078 27.61369 27.61369 27.13936 26.99055 26.92544 27.44628 27.88341 27.84621 27.97642 27.82785 28.27355 29.22992
2079 29.98203 30.29773 31.01269 29.71276 29.91703 28.87709 28.66353 29.06279 29.29493 29.30421 29.26707 29.35992
2080 29.25778 28.81209 29.11850 28.64495 28.83995 28.87709 28.79352 28.88638 28.71924 28.65424 29.35992 28.33854
2081 28.70996 28.86780 28.30140 27.96714 28.57067 28.21784 28.28283 28.05070 28.90494 28.75638 29.18350 29.06279
2082 29.16493 29.14636 29.28564 29.09993 28.68210 28.10641 28.17141 28.16212 28.13426 28.17141 27.90214 27.63286
2083 27.93928 27.33574 26.66720 27.04789 26.91790 27.24288 27.11289 26.67648 27.02932 27.26145 26.85290 27.09390
2084 27.24221 26.95487 27.30710 27.27929 27.52029 26.81583 26.53775 25.94452 26.12064 25.90745 25.62010 24.81367
2085 24.60975 24.87856 25.01760 24.88783 25.13810 25.15664 24.98053 25.10102 25.16591 25.23079 25.27714 25.23079
2086 26.12991 26.50994 26.89925 26.88998 26.63045 26.07429 25.97233 26.18552 25.99087 25.43471 24.85076 24.70245
2087 24.57268 24.35022 23.87749 24.01652 23.71064 23.59014 24.45218 24.39657 24.30387 24.10922 24.38730 23.92383
2088 24.53560 24.43364 24.83222 24.98979 24.67464 24.80441 24.95272 25.09175 25.31421 25.81475 25.81475 25.87964
2089 25.22152 25.09175 25.31421 25.62937 25.68489 25.65712 25.73115 25.54610 25.53685 25.62937 24.55609 24.40805
2090 24.69487 24.17673 23.64008 23.44578 23.53831 23.02017 22.73334 22.24296 22.61306 22.75185 22.60381 23.16821
2091 23.02017 23.15896 22.57605 23.04792 23.26998 24.15822 24.35253 24.25075 23.89915 24.39879 23.65859 24.13972
2092 25.12048 24.98169 23.51055 23.15896 23.56606 23.73261 23.96392 23.88990 23.11269 22.88138 22.52979 22.43726
2093 22.85363 23.24223 23.19597 23.30699 22.74259 23.00166 22.45576 21.90987 22.15044 21.66005 21.90062 21.53052
2094 21.53977 21.05865 20.62377 20.21667 20.49424 20.54976 19.80031 19.78180 19.80026 19.94796 19.11718 18.99718
2095 18.74794 19.81873 20.16950 19.82796 20.14181 20.55720 20.51104 20.06796 20.06796 19.90181 19.68949 19.48641
2096 20.03103 19.99411 20.28950                                                                                 
          Jan      Feb      Mar      Apr      May      Jun      Jul      Aug      Sep      Oct      Nov      Dec
2017 42.04420 41.26290 41.16523 41.62425 42.11256 42.05397 41.79028 42.35672 42.48369 41.82935 41.71215 42.00513
2018 41.85864 41.56565 41.97583 42.70832 42.56182 41.64378 41.51682 41.10663 40.85271 41.17500 40.39369 39.65144
2019 39.49518 40.13976 40.08116 39.59285 39.61238 39.48541 39.03616 38.27438 39.06546 38.43064 37.59074 37.13173
2020 35.66676 33.30330 33.20564 32.01414 32.04345 32.15088 32.58059 32.78569 32.73685 33.02985 32.60989 32.37689
2021 32.40602 32.46427 31.94003 31.96915 31.37695 30.86242 31.13424 30.80417 30.97891 31.24104 31.60995 31.36725
2022 31.44491 31.60995 31.10512 31.01775 31.12454 30.13430 30.84300 30.43525 30.12459 30.97891 31.29929 30.98862
2023 30.77504 30.67796 30.66825 31.01775 30.63913 30.54204 31.29929 30.66825 31.10512 30.76533 30.82358 30.95949
2024 30.97891 31.12454 31.25074 30.49350 30.25080 30.06634 30.00809 29.82363 29.70714 29.65859 29.65859 29.48385
2025 29.36735 28.79456 28.31886 28.52274 28.26061 28.48390 28.27032 28.16353 27.45483 27.59075 27.18300 27.66841
2026 27.89170 28.01791 28.17324 28.18295 28.08653 27.88405 27.83584 27.74907 27.18020 27.19949 27.00665 26.99701
2027 26.18710 26.38957 25.51217 25.42540 24.76976 24.24910 24.10447 24.99152 25.04937 24.32623 23.72844 22.76426
2028 23.64167 26.31244 25.44468 25.26148 24.97223 24.40337 24.17197 23.83450 23.71880 24.35516 24.62513 25.14578
2029 25.58931 25.57002 25.88820 25.58931 26.30280 26.50528 26.38957 26.54384 26.43779 26.78489 26.42814 25.86892
2030 25.81107 25.65680 26.26423 25.22292 25.27113 24.96259 25.29041 25.41576 25.67608 25.16507 25.30969 25.23256
2031 25.33862 25.92677 26.28352 26.09068 26.25459 26.54384 26.41850 26.39933 26.56234 26.14041 26.28425 25.37327
2032 24.67325 24.70201 25.09518 24.81709 23.57048 23.11978 22.77457 22.74580 23.41705 23.37870 24.01159 24.48146
2033 23.98282 24.04036 23.76227 23.70473 23.90611 24.23214 24.77873 24.87462 25.20066 24.78832 24.12666 24.38557
2034 24.84586 24.93216 23.63761 23.59925 23.98282 25.01846 25.05682 25.06641 25.03764 25.01846 23.68555 24.12666
2035 23.61843 22.73621 22.73621 23.53213 23.01430 22.97594 23.23486 22.74580 22.14167 20.79918 21.76769 21.98825
2036 21.73892 23.34993 23.98282 23.32116 23.49376 24.65407 24.81709 24.13625 24.32804 24.29926 23.81309 24.41367
2037 23.62244 24.06094 25.03329 24.75684 25.88172 25.63387 27.13052 27.13052 27.05426 27.62624 29.07523 29.81880
2038 30.00945 30.32404 30.72442 31.02947 30.66722 30.96274 31.07713 30.71489 30.20011 29.82833 30.86741 32.03995
2039 31.30592 30.39076 30.58143 31.85882 31.81116 32.46893 33.05997 33.67007 32.84072 33.26016 33.62241 32.69772
2040 32.20201 32.03995 32.02089 32.06855 32.32594 32.57379 32.65005 32.02089 32.45940 32.34501 32.63099 33.38409
2041 33.59381 33.46988 33.75587 32.29734 31.83976 31.73490 31.91602 31.42985 31.97322 31.87790 30.58142 30.88505
2042 30.95147 30.69528 29.86979 30.60040 30.66682 32.21345 31.89084 30.87557 30.94199 31.12226 31.04636 31.30255
2043 31.24562 30.70478 30.63836 29.82234 29.88876 29.88876 29.42383 29.49974 30.54347 30.33472 30.66682 30.78068
2044 31.63464 31.34050 32.30833 32.84918 32.81121 32.08061 32.25140 32.13754 32.02368 32.51708 31.49232 32.07112
2045 32.06163 31.42590 32.68787 32.30833 32.54554 31.59669 30.13546 30.60989 32.46015 34.31988 35.52493 35.88549
2046 36.18912 36.10373 35.81908 35.64828 35.98037 37.08104 36.60662 36.93872 37.00514 36.92923 36.77741 36.85332
2047 37.28979 37.28030 37.10002 37.10002 37.43084 37.75223 38.31936 37.88456 37.84676 37.99799 37.72387 37.52537
2048 37.53482 37.16618 36.52343 36.01301 35.71999 36.50452 36.72193 36.86372 37.20399 36.66522 36.21151 37.33632
2049 37.07166 37.46866 38.00744 37.66716 37.21345 37.61044 37.41195 37.56318 37.36469 37.44030 37.68606 37.70497
2050 36.98660 36.94878 37.13783 36.58015 36.87317 36.41002 36.46672 36.10753 36.60850 36.50452 35.71999 36.07917
2051 35.95630 36.23042 36.57069 36.23042 35.77671 36.05082 35.71054 35.65382 36.15480 35.81451 35.48369 35.02053
2052 35.39862 35.83342 35.45533 35.26628 35.43643 35.01108 34.87874 35.17057 35.18940 35.01995 34.59633 34.79402
2053 34.59633 35.17057 35.19882 34.68105 34.17270 34.11622 34.49278 34.13504 33.83379 33.80555 33.94677 33.86204
2054 33.59845 34.18211 33.73025 33.53255 33.37251 34.11622 34.18211 34.36097 33.99383 34.57750 34.40804 34.57750
2055 34.21977 34.91640 32.90182 32.83592 33.57961 33.44783 33.43841 33.03360 33.72083 34.11622 33.69259 33.94677
2056 34.44571 34.58691 34.14446 34.58691 34.20094 34.23859 34.75636 34.62456 34.73753 34.23859 34.04090 33.54196
2057 33.69259 32.88298 32.73236 32.98654 32.40287 31.82862 32.35581 31.79096 32.53467 32.95707 32.99462 33.35132
2058 32.60037 32.61915 32.75056 32.45958 33.05094 33.82066 34.13981 34.61854 35.19113 34.67486 34.18675 35.20052
2059 36.33633 36.42080 36.60854 36.57099 36.34571 36.43019 36.56161 36.20491 36.14859 35.76373 34.47774 33.34193
2060 33.72680 34.02718 35.10665 35.09727 35.76373 35.66987 34.95647 34.53405 34.28061 33.57660 32.94768 33.02278
2061 32.96646 33.13543 33.43580 33.35132 33.21991 33.30438 33.29500 33.41703 33.50151 33.64230 33.76434 33.59538
2062 33.67986 33.47335 33.14481 32.75995 32.53467 32.58160 32.80689 32.40325 32.28123 32.15919 31.78482 32.12176
2063 31.78482 31.28877 31.87841 31.18581 31.09221 30.44640 30.52129 30.89566 30.74591 30.83015 31.16709 32.29023
2064 31.84097 32.74884 32.80500 32.08432 31.78482 32.35575 32.29023 32.43063 32.02816 32.73948 32.77692 32.92668
2065 33.46952 33.81582 33.28234 32.86116 32.95475 32.76756 32.50549 32.13112 31.73802 32.62717 32.41190 32.47742
2066 32.34638 32.33702 32.11240 31.87841 31.94393 32.19664 32.00945 31.32620 30.91438 30.45577 30.44640 30.52129
2067 30.15627 30.10947 29.96907 29.95971 30.02523 29.90356 29.35135 29.53854 29.39815 29.79124 29.57597 30.26858
2068 31.20453 30.55873 30.85823 31.01686 31.16616 31.11950 30.70893 30.37300 30.45698 30.13973 30.32635 29.85979
2069 29.68250 29.30925 29.56119 29.86912 29.62651 30.22371 30.43832 30.31702 30.15838 30.16772 29.43988 29.75715
2070 30.07441 29.88778 30.34501 30.13039 30.36368 30.47565 30.32635 29.58919 29.47721 29.60785 29.57052 29.93444
2071 29.84113 29.81314 29.51454 29.11330 28.78671 28.83336 28.79603 29.04798 28.86135 29.03865 28.45078 28.35747
2072 28.00288 27.72295 28.14285 28.12419 27.77893 28.22683 28.30148 28.30148 27.69496 27.70429 27.71362 27.48967
2073 28.05887 28.63740 29.13196 28.86135 28.47878 27.98422 28.44145 28.77627 28.86928 29.01809 28.81348 28.60886
2074 27.79971 27.48348 27.02775 26.47901 27.20446 28.10663 27.46488 27.45558 28.24614 28.78558 29.21341 29.02739
2075 28.99019 28.74837 28.73908 29.03669 29.38082 30.17138 30.32019 30.49690 29.58544 29.43662 29.17620 28.92509
2076 29.24131 29.24131 29.48313 29.88305 29.95745 29.61334 29.73424 28.92509 28.14383 28.64607 28.23683 27.84621
2077 27.63229 28.19033 27.54859 27.27887 26.93474 27.49279 27.61369 27.81831 28.05082 28.15313 27.62299 27.61369
2078 27.61369 27.13936 26.99055 26.92544 27.44628 27.88341 27.84621 27.97642 27.82785 28.27355 29.22992 29.98203
2079 30.29773 31.01269 29.71276 29.91703 28.87709 28.66353 29.06279 29.29493 29.30421 29.26707 29.35992 29.25778
2080 28.81209 29.11850 28.64495 28.83995 28.87709 28.79352 28.88638 28.71924 28.65424 29.35992 28.33854 28.70996
2081 28.86780 28.30140 27.96714 28.57067 28.21784 28.28283 28.05070 28.90494 28.75638 29.18350 29.06279 29.16493
2082 29.14636 29.28564 29.09993 28.68210 28.10641 28.17141 28.16212 28.13426 28.17141 27.90214 27.63286 27.93928
2083 27.33574 26.66720 27.04789 26.91790 27.24288 27.11289 26.67648 27.02932 27.26145 26.85290 27.09390 27.24221
2084 26.95487 27.30710 27.27929 27.52029 26.81583 26.53775 25.94452 26.12064 25.90745 25.62010 24.81367 24.60975
2085 24.87856 25.01760 24.88783 25.13810 25.15664 24.98053 25.10102 25.16591 25.23079 25.27714 25.23079 26.12991
2086 26.50994 26.89925 26.88998 26.63045 26.07429 25.97233 26.18552 25.99087 25.43471 24.85076 24.70245 24.57268
2087 24.35022 23.87749 24.01652 23.71064 23.59014 24.45218 24.39657 24.30387 24.10922 24.38730 23.92383 24.53560
2088 24.43364 24.83222 24.98979 24.67464 24.80441 24.95272 25.09175 25.31421 25.81475 25.81475 25.87964 25.22152
2089 25.09175 25.31421 25.62937 25.68489 25.65712 25.73115 25.54610 25.53685 25.62937 24.55609 24.40805 24.69487
2090 24.17673 23.64008 23.44578 23.53831 23.02017 22.73334 22.24296 22.61306 22.75185 22.60381 23.16821 23.02017
2091 23.15896 22.57605 23.04792 23.26998 24.15822 24.35253 24.25075 23.89915 24.39879 23.65859 24.13972 25.12048
2092 24.98169 23.51055 23.15896 23.56606 23.73261 23.96392 23.88990 23.11269 22.88138 22.52979 22.43726 22.85363
2093 23.24223 23.19597 23.30699 22.74259 23.00166 22.45576 21.90987 22.15044 21.66005 21.90062 21.53052 21.53977
2094 21.05865 20.62377 20.21667 20.49424 20.54976 19.80031 19.78180 19.80026 19.94796 19.11718 18.99718 18.74794
2095 19.81873 20.16950 19.82796 20.14181 20.55720 20.51104 20.06796 20.06796 19.90181 19.68949 19.48641 20.03103
2096 19.99411 20.28950                                                                                          
          Jan      Feb      Mar      Apr      May      Jun      Jul      Aug      Sep      Oct      Nov      Dec
2013 18.07138 18.03453 18.59639 18.23717 18.09901 18.07138 18.73455 18.57797 18.48586 18.81745 18.91876 19.11219
2014 20.61353 21.16617 20.88064 20.81617 20.90827 20.54906 20.80695 21.16617 21.04643 21.70183 21.12028 21.60028
2015 21.59106 21.32336 21.52644 21.48952 21.81260 21.81260 21.99722 22.03414 22.44953 21.61875 21.07413 21.76644
2016 20.33565 20.71413 21.13875 20.81566 20.70489 20.86182 20.99105 21.14797 21.43413 21.25874 21.32336 20.92644
2017 21.02797 21.04643 21.77568 21.22182 20.66797 20.99105 20.36335 20.47412 20.28027 20.51104 20.57567 20.28950
2018 19.99411 20.03103 19.48641 19.68949 19.90181 20.06796 20.06796 20.51104 20.55720 20.14181 19.82796 20.16950
2019 19.81873 18.74794 18.99718 19.11718 19.94796 19.80026 19.78180 19.80031 20.54976 20.49424 20.21667 20.62377
2020 21.05865 21.53977 21.53052 21.90062 21.66005 22.15044 21.90987 22.45576 23.00166 22.74259 23.30699 23.19597
2021 23.24223 22.85363 22.43726 22.52979 22.88138 23.11269 23.88990 23.96392 23.73261 23.56606 23.15896 23.51055
2022 24.98169 25.12048 24.13972 23.65859 24.39879 23.89915 24.25075 24.35253 24.15822 23.26998 23.04792 22.57605
2023 23.15896 23.02017 23.16821 22.60381 22.75185 22.61306 22.24296 22.73334 23.02017 23.53831 23.44578 23.64008
2024 24.17673 24.69487 24.40805 24.55609 25.62937 25.53685 25.54610 25.73115 25.65712 25.68489 25.62937 25.31421
2025 25.09175 25.22152 25.87964 25.81475 25.81475 25.31421 25.09175 24.95272 24.80441 24.67464 24.98979 24.83222
2026 24.43364 24.53560 23.92383 24.38730 24.10922 24.30387 24.39657 24.45218 23.59014 23.71064 24.01652 23.87749
2027 24.35022 24.57268 24.70245 24.85076 25.43471 25.99087 26.18552 25.97233 26.07429 26.63045 26.88998 26.89925
2028 26.50994 26.12991 25.23079 25.27714 25.23079 25.16591 25.10102 24.98053 25.15664 25.13810 24.88783 25.01760
2029 24.87856 24.60975 24.81367 25.62010 25.90745 26.12064 25.94452 26.53775 26.81583 27.52029 27.27929 27.30710
2030 26.95487 27.24221 27.09390 26.85290 27.26145 27.02932 26.67648 27.11289 27.24288 26.91790 27.04789 26.66720
2031 27.33574 27.93928 27.63286 27.90214 28.17141 28.13426 28.16212 28.17141 28.10641 28.68210 29.09993 29.28564
2032 29.14636 29.16493 29.06279 29.18350 28.75638 28.90494 28.05070 28.28283 28.21784 28.57067 27.96714 28.30140
2033 28.86780 28.70996 28.33854 29.35992 28.65424 28.71924 28.88638 28.79352 28.87709 28.83995 28.64495 29.11850
2034 28.81209 29.25778 29.35992 29.26707 29.30421 29.29493 29.06279 28.66353 28.87709 29.91703 29.71276 31.01269
2035 30.29773 29.98203 29.22992 28.27355 27.82785 27.97642 27.84621 27.88341 27.44628 26.92544 26.99055 27.13936
2036 27.61369 27.61369 27.62299 28.15313 28.05082 27.81831 27.61369 27.49279 26.93474 27.27887 27.54859 28.19033
2037 27.63229 27.84621 28.23683 28.64607 28.14383 28.92509 29.73424 29.61334 29.95745 29.88305 29.48313 29.24131
2038 29.24131 28.92509 29.17620 29.43662 29.58544 30.49690 30.32019 30.17138 29.38082 29.03669 28.73908 28.74837
2039 28.99019 29.02739 29.21341 28.78558 28.24614 27.45558 27.46488 28.10663 27.20446 26.47901 27.02775 27.48348
2040 27.79971 28.60886 28.81348 29.01809 28.86928 28.77627 28.44145 27.98422 28.47878 28.86135 29.13196 28.63740
2041 28.05887 27.48967 27.71362 27.70429 27.69496 28.30148 28.30148 28.22683 27.77893 28.12419 28.14285 27.72295
2042 28.00288 28.35747 28.45078 29.03865 28.86135 29.04798 28.79603 28.83336 28.78671 29.11330 29.51454 29.81314
2043 29.84113 29.93444 29.57052 29.60785 29.47721 29.58919 30.32635 30.47565 30.36368 30.13039 30.34501 29.88778
2044 30.07441 29.75715 29.43988 30.16772 30.15838 30.31702 30.43832 30.22371 29.62651 29.86912 29.56119 29.30925
2045 29.68250 29.85979 30.32635 30.13973 30.45698 30.37300 30.70893 31.11950 31.16616 31.01686 30.85823 30.55873
2046 31.20453 30.26858 29.57597 29.79124 29.39815 29.53854 29.35135 29.90356 30.02523 29.95971 29.96907 30.10947
2047 30.15627 30.52129 30.44640 30.45577 30.91438 31.32620 32.00945 32.19664 31.94393 31.87841 32.11240 32.33702
2048 32.34638 32.47742 32.41190 32.62717 31.73802 32.13112 32.50549 32.76756 32.95475 32.86116 33.28234 33.81582
2049 33.46952 32.92668 32.77692 32.73948 32.02816 32.43063 32.29023 32.35575 31.78482 32.08432 32.80500 32.74884
2050 31.84097 32.29023 31.16709 30.83015 30.74591 30.89566 30.52129 30.44640 31.09221 31.18581 31.87841 31.28877
2051 31.78482 32.12176 31.78482 32.15919 32.28123 32.40325 32.80689 32.58160 32.53467 32.75995 33.14481 33.47335
2052 33.67986 33.59538 33.76434 33.64230 33.50151 33.41703 33.29500 33.30438 33.21991 33.35132 33.43580 33.13543
2053 32.96646 33.02278 32.94768 33.57660 34.28061 34.53405 34.95647 35.66987 35.76373 35.09727 35.10665 34.02718
2054 33.72680 33.34193 34.47774 35.76373 36.14859 36.20491 36.56161 36.43019 36.34571 36.57099 36.60854 36.42080
2055 36.33633 35.20052 34.18675 34.67486 35.19113 34.61854 34.13981 33.82066 33.05094 32.45958 32.75056 32.61915
2056 32.60037 33.35132 32.99462 32.95707 32.53467 31.79096 32.35581 31.82862 32.40287 32.98654 32.73236 32.88298
2057 33.69259 33.54196 34.04090 34.23859 34.73753 34.62456 34.75636 34.23859 34.20094 34.58691 34.14446 34.58691
2058 34.44571 33.94677 33.69259 34.11622 33.72083 33.03360 33.43841 33.44783 33.57961 32.83592 32.90182 34.91640
2059 34.21977 34.57750 34.40804 34.57750 33.99383 34.36097 34.18211 34.11622 33.37251 33.53255 33.73025 34.18211
2060 33.59845 33.86204 33.94677 33.80555 33.83379 34.13504 34.49278 34.11622 34.17270 34.68105 35.19882 35.17057
2061 34.59633 34.79402 34.59633 35.01995 35.18940 35.17057 34.87874 35.01108 35.43643 35.26628 35.45533 35.83342
2062 35.39862 35.02053 35.48369 35.81451 36.15480 35.65382 35.71054 36.05082 35.77671 36.23042 36.57069 36.23042
2063 35.95630 36.07917 35.71999 36.50452 36.60850 36.10753 36.46672 36.41002 36.87317 36.58015 37.13783 36.94878
2064 36.98660 37.70497 37.68606 37.44030 37.36469 37.56318 37.41195 37.61044 37.21345 37.66716 38.00744 37.46866
2065 37.07166 37.33632 36.21151 36.66522 37.20399 36.86372 36.72193 36.50452 35.71999 36.01301 36.52343 37.16618
2066 37.53482 37.52537 37.72387 37.99799 37.84676 37.88456 38.31936 37.75223 37.43084 37.10002 37.10002 37.28030
2067 37.28979 36.85332 36.77741 36.92923 37.00514 36.93872 36.60662 37.08104 35.98037 35.64828 35.81908 36.10373
2068 36.18912 35.88549 35.52493 34.31988 32.46015 30.60989 30.13546 31.59669 32.54554 32.30833 32.68787 31.42590
2069 32.06163 32.07112 31.49232 32.51708 32.02368 32.13754 32.25140 32.08061 32.81121 32.84918 32.30833 31.34050
2070 31.63464 30.78068 30.66682 30.33472 30.54347 29.49974 29.42383 29.88876 29.88876 29.82234 30.63836 30.70478
2071 31.24562 31.30255 31.04636 31.12226 30.94199 30.87557 31.89084 32.21345 30.66682 30.60040 29.86979 30.69528
2072 30.95147 30.88505 30.58142 31.87790 31.97322 31.42985 31.91602 31.73490 31.83976 32.29734 33.75587 33.46988
2073 33.59381 33.38409 32.63099 32.34501 32.45940 32.02089 32.65005 32.57379 32.32594 32.06855 32.02089 32.03995
2074 32.20201 32.69772 33.62241 33.26016 32.84072 33.67007 33.05997 32.46893 31.81116 31.85882 30.58143 30.39076
2075 31.30592 32.03995 30.86741 29.82833 30.20011 30.71489 31.07713 30.96274 30.66722 31.02947 30.72442 30.32404
2076 30.00945 29.81880 29.07523 27.62624 27.05426 27.13052 27.13052 25.63387 25.88172 24.75684 25.03329 24.06094
2077 23.62244 24.41367 23.81309 24.29926 24.32804 24.13625 24.81709 24.65407 23.49376 23.32116 23.98282 23.34993
2078 21.73892 21.98825 21.76769 20.79918 22.14167 22.74580 23.23486 22.97594 23.01430 23.53213 22.73621 22.73621
2079 23.61843 24.12666 23.68555 25.01846 25.03764 25.06641 25.05682 25.01846 23.98282 23.59925 23.63761 24.93216
2080 24.84586 24.38557 24.12666 24.78832 25.20066 24.87462 24.77873 24.23214 23.90611 23.70473 23.76227 24.04036
2081 23.98282 24.48146 24.01159 23.37870 23.41705 22.74580 22.77457 23.11978 23.57048 24.81709 25.09518 24.70201
2082 24.67325 25.37327 26.28425 26.14041 26.56234 26.39933 26.41850 26.54384 26.25459 26.09068 26.28352 25.92677
2083 25.33862 25.23256 25.30969 25.16507 25.67608 25.41576 25.29041 24.96259 25.27113 25.22292 26.26423 25.65680
2084 25.81107 25.86892 26.42814 26.78489 26.43779 26.54384 26.38957 26.50528 26.30280 25.58931 25.88820 25.57002
2085 25.58931 25.14578 24.62513 24.35516 23.71880 23.83450 24.17197 24.40337 24.97223 25.26148 25.44468 26.31244
2086 23.64167 22.76426 23.72844 24.32623 25.04937 24.99152 24.10447 24.24910 24.76976 25.42540 25.51217 26.38957
2087 26.18710 26.99701 27.00665 27.19949 27.18020 27.74907 27.83584 27.88405 28.08653 28.18295 28.17324 28.01791
2088 27.89170 27.66841 27.18300 27.59075 27.45483 28.16353 28.27032 28.48390 28.26061 28.52274 28.31886 28.79456
2089 29.36735 29.48385 29.65859 29.65859 29.70714 29.82363 30.00809 30.06634 30.25080 30.49350 31.25074 31.12454
2090 30.97891 30.95949 30.82358 30.76533 31.10512 30.66825 31.29929 30.54204 30.63913 31.01775 30.66825 30.67796
2091 30.77504 30.98862 31.29929 30.97891 30.12459 30.43525 30.84300 30.13430 31.12454 31.01775 31.10512 31.60995
2092 31.44491 31.36725 31.60995 31.24104 30.97891 30.80417 31.13424 30.86242 31.37695 31.96915 31.94003 32.46427
2093 32.40602 32.37689 32.60989 33.02985 32.73685 32.78569 32.58059 32.15088 32.04345 32.01414 33.20564 33.30330
2094 35.66676 37.13173 37.59074 38.43064 39.06546 38.27438 39.03616 39.48541 39.61238 39.59285 40.08116 40.13976
2095 39.49518 39.65144 40.39369 41.17500 40.85271 41.10663 41.51682 41.64378 42.56182 42.70832 41.97583 41.56565
 [ reached getOption("max.print") -- omitted 2 rows ]

	Box-Ljung test

data:  msts
X-squared = 16508, df = 20, p-value < 2.2e-16

Series: msts 
ARIMA(0,1,0) with drift 

Coefficients:
       drift
      0.0238
s.e.  0.0152

sigma^2 estimated as 0.2336:  log likelihood=-696.86
AIC=1397.73   AICc=1397.74   BIC=1407.56

Training set error measures:
                       ME      RMSE       MAE         MPE     MAPE      MASE       ACF1
Training set 1.788661e-05 0.4828252 0.3607555 -0.01480933 1.267796 0.2761399 0.03272391
          Jan      Feb      Mar      Apr      May      Jun      Jul      Aug      Sep      Oct      Nov      Dec
2097          42.06798 42.09176 42.11554 42.13933 42.16311 42.18689 42.21067 42.23446 42.25824 42.28202 42.30581
2098 42.32959                                                                                                   
          Jan      Feb      Mar      Apr      May      Jun      Jul      Aug      Sep      Oct      Nov      Dec
2013 18.07138 18.03453 18.59639 18.23717 18.09901 18.07138 18.73455 18.57797 18.48586 18.81745 18.91876 19.11219
2014 20.61353 21.16617 20.88064 20.81617 20.90827 20.54906 20.80695 21.16617 21.04643 21.70183 21.12028 21.60028
2015 21.59106 21.32336 21.52644 21.48952 21.81260 21.81260 21.99722 22.03414 22.44953 21.61875 21.07413 21.76644
2016 20.33565 20.71413 21.13875 20.81566 20.70489 20.86182 20.99105 21.14797 21.43413 21.25874 21.32336 20.92644
2017 21.02797 21.04643 21.77568 21.22182 20.66797 20.99105 20.36335 20.47412 20.28027 20.51104 20.57567 20.28950
2018 19.99411 20.03103 19.48641 19.68949 19.90181 20.06796 20.06796 20.51104 20.55720 20.14181 19.82796 20.16950
2019 19.81873 18.74794 18.99718 19.11718 19.94796 19.80026 19.78180 19.80031 20.54976 20.49424 20.21667 20.62377
2020 21.05865 21.53977 21.53052 21.90062 21.66005 22.15044 21.90987 22.45576 23.00166 22.74259 23.30699 23.19597
2021 23.24223 22.85363 22.43726 22.52979 22.88138 23.11269 23.88990 23.96392 23.73261 23.56606 23.15896 23.51055
2022 24.98169 25.12048 24.13972 23.65859 24.39879 23.89915 24.25075 24.35253 24.15822 23.26998 23.04792 22.57605
2023 23.15896 23.02017 23.16821 22.60381 22.75185 22.61306 22.24296 22.73334 23.02017 23.53831 23.44578 23.64008
2024 24.17673 24.69487 24.40805 24.55609 25.62937 25.53685 25.54610 25.73115 25.65712 25.68489 25.62937 25.31421
2025 25.09175 25.22152 25.87964 25.81475 25.81475 25.31421 25.09175 24.95272 24.80441 24.67464 24.98979 24.83222
2026 24.43364 24.53560 23.92383 24.38730 24.10922 24.30387 24.39657 24.45218 23.59014 23.71064 24.01652 23.87749
2027 24.35022 24.57268 24.70245 24.85076 25.43471 25.99087 26.18552 25.97233 26.07429 26.63045 26.88998 26.89925
2028 26.50994 26.12991 25.23079 25.27714 25.23079 25.16591 25.10102 24.98053 25.15664 25.13810 24.88783 25.01760
2029 24.87856 24.60975 24.81367 25.62010 25.90745 26.12064 25.94452 26.53775 26.81583 27.52029 27.27929 27.30710
2030 26.95487 27.24221 27.09390 26.85290 27.26145 27.02932 26.67648 27.11289 27.24288 26.91790 27.04789 26.66720
2031 27.33574 27.93928 27.63286 27.90214 28.17141 28.13426 28.16212 28.17141 28.10641 28.68210 29.09993 29.28564
2032 29.14636 29.16493 29.06279 29.18350 28.75638 28.90494 28.05070 28.28283 28.21784 28.57067 27.96714 28.30140
2033 28.86780 28.70996 28.33854 29.35992 28.65424 28.71924 28.88638 28.79352 28.87709 28.83995 28.64495 29.11850
2034 28.81209 29.25778 29.35992 29.26707 29.30421 29.29493 29.06279 28.66353 28.87709 29.91703 29.71276 31.01269
2035 30.29773 29.98203 29.22992 28.27355 27.82785 27.97642 27.84621 27.88341 27.44628 26.92544 26.99055 27.13936
2036 27.61369 27.61369 27.62299 28.15313 28.05082 27.81831 27.61369 27.49279 26.93474 27.27887 27.54859 28.19033
2037 27.63229 27.84621 28.23683 28.64607 28.14383 28.92509 29.73424 29.61334 29.95745 29.88305 29.48313 29.24131
2038 29.24131 28.92509 29.17620 29.43662 29.58544 30.49690 30.32019 30.17138 29.38082 29.03669 28.73908 28.74837
2039 28.99019 29.02739 29.21341 28.78558 28.24614 27.45558 27.46488 28.10663 27.20446 26.47901 27.02775 27.48348
2040 27.79971 28.60886 28.81348 29.01809 28.86928 28.77627 28.44145 27.98422 28.47878 28.86135 29.13196 28.63740
2041 28.05887 27.48967 27.71362 27.70429 27.69496 28.30148 28.30148 28.22683 27.77893 28.12419 28.14285 27.72295
2042 28.00288 28.35747 28.45078 29.03865 28.86135 29.04798 28.79603 28.83336 28.78671 29.11330 29.51454 29.81314
2043 29.84113 29.93444 29.57052 29.60785 29.47721 29.58919 30.32635 30.47565 30.36368 30.13039 30.34501 29.88778
2044 30.07441 29.75715 29.43988 30.16772 30.15838 30.31702 30.43832 30.22371 29.62651 29.86912 29.56119 29.30925
2045 29.68250 29.85979 30.32635 30.13973 30.45698 30.37300 30.70893 31.11950 31.16616 31.01686 30.85823 30.55873
2046 31.20453 30.26858 29.57597 29.79124 29.39815 29.53854 29.35135 29.90356 30.02523 29.95971 29.96907 30.10947
2047 30.15627 30.52129 30.44640 30.45577 30.91438 31.32620 32.00945 32.19664 31.94393 31.87841 32.11240 32.33702
2048 32.34638 32.47742 32.41190 32.62717 31.73802 32.13112 32.50549 32.76756 32.95475 32.86116 33.28234 33.81582
2049 33.46952 32.92668 32.77692 32.73948 32.02816 32.43063 32.29023 32.35575 31.78482 32.08432 32.80500 32.74884
2050 31.84097 32.29023 31.16709 30.83015 30.74591 30.89566 30.52129 30.44640 31.09221 31.18581 31.87841 31.28877
2051 31.78482 32.12176 31.78482 32.15919 32.28123 32.40325 32.80689 32.58160 32.53467 32.75995 33.14481 33.47335
2052 33.67986 33.59538 33.76434 33.64230 33.50151 33.41703 33.29500 33.30438 33.21991 33.35132 33.43580 33.13543
2053 32.96646 33.02278 32.94768 33.57660 34.28061 34.53405 34.95647 35.66987 35.76373 35.09727 35.10665 34.02718
2054 33.72680 33.34193 34.47774 35.76373 36.14859 36.20491 36.56161 36.43019 36.34571 36.57099 36.60854 36.42080
2055 36.33633 35.20052 34.18675 34.67486 35.19113 34.61854 34.13981 33.82066 33.05094 32.45958 32.75056 32.61915
2056 32.60037 33.35132 32.99462 32.95707 32.53467 31.79096 32.35581 31.82862 32.40287 32.98654 32.73236 32.88298
2057 33.69259 33.54196 34.04090 34.23859 34.73753 34.62456 34.75636 34.23859 34.20094 34.58691 34.14446 34.58691
2058 34.44571 33.94677 33.69259 34.11622 33.72083 33.03360 33.43841 33.44783 33.57961 32.83592 32.90182 34.91640
2059 34.21977 34.57750 34.40804 34.57750 33.99383 34.36097 34.18211 34.11622 33.37251 33.53255 33.73025 34.18211
2060 33.59845 33.86204 33.94677 33.80555 33.83379 34.13504 34.49278 34.11622 34.17270 34.68105 35.19882 35.17057
2061 34.59633 34.79402 34.59633 35.01995 35.18940 35.17057 34.87874 35.01108 35.43643 35.26628 35.45533 35.83342
2062 35.39862 35.02053 35.48369 35.81451 36.15480 35.65382 35.71054 36.05082 35.77671 36.23042 36.57069 36.23042
2063 35.95630 36.07917 35.71999 36.50452 36.60850 36.10753 36.46672 36.41002 36.87317 36.58015 37.13783 36.94878
2064 36.98660 37.70497 37.68606 37.44030 37.36469 37.56318 37.41195 37.61044 37.21345 37.66716 38.00744 37.46866
2065 37.07166 37.33632 36.21151 36.66522 37.20399 36.86372 36.72193 36.50452 35.71999 36.01301 36.52343 37.16618
2066 37.53482 37.52537 37.72387 37.99799 37.84676 37.88456 38.31936 37.75223 37.43084 37.10002 37.10002 37.28030
2067 37.28979 36.85332 36.77741 36.92923 37.00514 36.93872 36.60662 37.08104 35.98037 35.64828 35.81908 36.10373
2068 36.18912 35.88549 35.52493 34.31988 32.46015 30.60989 30.13546 31.59669 32.54554 32.30833 32.68787 31.42590
2069 32.06163 32.07112 31.49232 32.51708 32.02368 32.13754 32.25140 32.08061 32.81121 32.84918 32.30833 31.34050
2070 31.63464 30.78068 30.66682 30.33472 30.54347 29.49974 29.42383 29.88876 29.88876 29.82234 30.63836 30.70478
2071 31.24562 31.30255 31.04636 31.12226 30.94199 30.87557 31.89084 32.21345 30.66682 30.60040 29.86979 30.69528
2072 30.95147 30.88505 30.58142 31.87790 31.97322 31.42985 31.91602 31.73490 31.83976 32.29734 33.75587 33.46988
2073 33.59381 33.38409 32.63099 32.34501 32.45940 32.02089 32.65005 32.57379 32.32594 32.06855 32.02089 32.03995
2074 32.20201 32.69772 33.62241 33.26016 32.84072 33.67007 33.05997 32.46893 31.81116 31.85882 30.58143 30.39076
2075 31.30592 32.03995 30.86741 29.82833 30.20011 30.71489 31.07713 30.96274 30.66722 31.02947 30.72442 30.32404
2076 30.00945 29.81880 29.07523 27.62624 27.05426 27.13052 27.13052 25.63387 25.88172 24.75684 25.03329 24.06094
2077 23.62244 24.41367 23.81309 24.29926 24.32804 24.13625 24.81709 24.65407 23.49376 23.32116 23.98282 23.34993
2078 21.73892 21.98825 21.76769 20.79918 22.14167 22.74580 23.23486 22.97594 23.01430 23.53213 22.73621 22.73621
2079 23.61843 24.12666 23.68555 25.01846 25.03764 25.06641 25.05682 25.01846 23.98282 23.59925 23.63761 24.93216
2080 24.84586 24.38557 24.12666 24.78832 25.20066 24.87462 24.77873 24.23214 23.90611 23.70473 23.76227 24.04036
2081 23.98282 24.48146 24.01159 23.37870 23.41705 22.74580 22.77457 23.11978 23.57048 24.81709 25.09518 24.70201
2082 24.67325 25.37327 26.28425 26.14041 26.56234 26.39933 26.41850 26.54384 26.25459 26.09068 26.28352 25.92677
2083 25.33862 25.23256 25.30969 25.16507 25.67608 25.41576 25.29041 24.96259 25.27113 25.22292 26.26423 25.65680
2084 25.81107 25.86892 26.42814 26.78489 26.43779 26.54384 26.38957 26.50528 26.30280 25.58931 25.88820 25.57002
2085 25.58931 25.14578 24.62513 24.35516 23.71880 23.83450 24.17197 24.40337 24.97223 25.26148 25.44468 26.31244
2086 23.64167 22.76426 23.72844 24.32623 25.04937 24.99152 24.10447 24.24910 24.76976 25.42540 25.51217 26.38957
2087 26.18710 26.99701 27.00665 27.19949 27.18020 27.74907 27.83584 27.88405 28.08653 28.18295 28.17324 28.01791
2088 27.89170 27.66841 27.18300 27.59075 27.45483 28.16353 28.27032 28.48390 28.26061 28.52274 28.31886 28.79456
2089 29.36735 29.48385 29.65859 29.65859 29.70714 29.82363 30.00809 30.06634 30.25080 30.49350 31.25074 31.12454
2090 30.97891 30.95949 30.82358 30.76533 31.10512 30.66825 31.29929 30.54204 30.63913 31.01775 30.66825 30.67796
2091 30.77504 30.98862 31.29929 30.97891 30.12459 30.43525 30.84300 30.13430 31.12454 31.01775 31.10512 31.60995
2092 31.44491 31.36725 31.60995 31.24104 30.97891 30.80417 31.13424 30.86242 31.37695 31.96915 31.94003 32.46427
2093 32.40602 32.37689 32.60989 33.02985 32.73685 32.78569 32.58059 32.15088 32.04345 32.01414 33.20564 33.30330
2094 35.66676 37.13173 37.59074 38.43064 39.06546 38.27438 39.03616 39.48541 39.61238 39.59285 40.08116 40.13976
2095 39.49518 39.65144 40.39369 41.17500 40.85271 41.10663 41.51682 41.64378 42.56182 42.70832 41.97583 41.56565
 [ reached getOption("max.print") -- omitted 2 rows ]
         Point Forecast    Lo 80    Hi 80    Lo 95    Hi 95
Feb 2097       42.04412 41.42460 42.66364 41.09665 42.99159
Mar 2097       42.04412 41.16803 42.92020 40.70426 43.38398
Apr 2097       42.04412 40.97116 43.11708 40.40316 43.68507
May 2097       42.04412 40.80518 43.28306 40.14932 43.93891
Jun 2097       42.04412 40.65895 43.42929 39.92568 44.16255
Jul 2097       42.04412 40.52675 43.56149 39.72350 44.36474
Aug 2097       42.04412 40.40517 43.68307 39.53757 44.55067
Sep 2097       42.04412 40.29201 43.79622 39.36451 44.72373
Oct 2097       42.04412 40.18573 43.90250 39.20197 44.88627
Nov 2097       42.04412 40.08521 44.00303 39.04823 45.04001
Dec 2097       42.04412 39.98960 44.09864 38.90201 45.18623
Jan 2098       42.04412 39.89825 44.18999 38.76229 45.32595
